2.000000000000000000e+00 -2.402988524440964113e+01 1.152801513671875000e+00 -5.331306457519531250e+00 6.750333309173583984e-01 -1.782226562500000000e-01 -8.688964843750000000e+00 -5.241014199334502521e+00 3.162227295568425411e+00
2.500000000000000000e+00 -1.891469486804142264e+01 1.688537597656250000e+00 -4.089965820312500000e+00 6.689214706420898438e-01 3.442382812500000000e-01 -9.044799804687500000e+00 -4.817382807324549709e+00 3.162277660168404836e+00
3.000000000000000000e+00 -1.556477542383364465e+01 1.899719238281250000e+00 -3.287048339843750000e+00 6.431484222412109375e-01 1.391601562500000000e-01 -9.577636718750000000e+00 -4.514165520983960178e+00 3.162277660168391069e+00
3.500000000000000000e+00 -1.332974859762029674e+01 1.926116943359375000e+00 -2.724227905273437500e+00 6.083989143371582031e-01 2.331542968750000000e-01 -1.010314941406250000e+01 -4.300847960491454458e+00 3.162277660168456350e+00
4.000000000000000000e+00 -1.188800170371300702e+01 1.575927734375000000e+00 -2.401123046875000000e+00 5.692720413208007812e-01 -8.154296875000000000e-01 -1.122558593750000000e+01 -4.162544681054840545e+00 3.162277660168396842e+00
4.500000000000000000e+00 -1.101817602065992929e+01 1.359558105468750000e+00 -2.131958007812500000e+00 5.349886417388916016e-01 -2.819824218750000000e-01 -1.192855834960937500e+01 -4.084236492311102751e+00 3.162277660168447024e+00
5.000000000000000000e+00 -1.053169351512645591e+01 1.050338745117187500e+00 -1.958370208740234375e+00 5.044722557067871094e-01 6.530761718750000000e-02 -1.284164428710937500e+01 -4.048101033061194620e+00 3.162277660168379523e+00
5.500000000000000000e+00 -1.028997193124738985e+01 6.967163085937500000e-01 -1.841659545898437500e+00 4.780948162078857422e-01 3.948974609375000000e-01 -1.386871337890625000e+01 -4.038726231710918491e+00 3.162277660168357762e+00
6.000000000000000000e+00 -1.020226033463065995e+01 8.895874023437500000e-02 -1.801109313964843750e+00 4.538452625274658203e-01 -7.202148437500000000e-02 -1.547637939453125000e+01 -4.045466744289745620e+00 3.162277660168389737e+00
6.500000000000000000e+00 -1.021345617168985953e+01 -4.711914062500000000e-01 -1.766281127929687500e+00 4.330492019653320312e-01 -2.050781250000000000e-01 -1.699584960937500000e+01 -4.061915547531360637e+00 3.162277660168389737e+00
