1.000000000000000000e+00 -4.587062948035048748e+01 3.298896824055457699e+00 -9.931168152135036564e+00 1.043248037108144510e+00 1.000000000000002309e+01
1.500000000000000000e+00 -2.952495782116882950e+01 5.276865820526976059e+00 -6.194678001454670735e+00 1.139360848138804450e+00 9.999999999999895195e+00
2.000000000000000000e+00 -2.189202619243750902e+01 6.674690432535538065e+00 -4.433438549508617044e+00 1.167158908331989542e+00 9.999999999999873879e+00
2.500000000000000000e+00 -1.757070997398205137e+01 7.783054452141945134e+00 -3.422765194946900014e+00 1.169148652355076479e+00 1.000000000000016165e+01
3.000000000000000000e+00 -1.484637987169661066e+01 8.714362469849303849e+00 -2.773793826399284512e+00 1.159126961826362434e+00 9.999999999999914735e+00
3.500000000000000000e+00 -1.300830199849182733e+01 9.526054638777168293e+00 -2.325343404444655260e+00 1.142958492139826587e+00 9.999999999999914735e+00
4.000000000000000000e+00 -1.170968155802248667e+01 1.025202914189270409e+01 -1.998820570089275162e+00 1.123548697200420055e+00 1.000000000000027178e+01
4.500000000000000000e+00 -1.076151907428231702e+01 1.091381038561839922e+01 -1.751462233798428025e+00 1.102472489077832574e+00 9.999999999999907629e+00
5.000000000000000000e+00 -1.005232474020965938e+01 1.152561218107029717e+01 -1.558108465933758069e+00 1.080631044556131792e+00 9.999999999999943157e+00
5.500000000000000000e+00 -9.512335958031034266e+00 1.209707198256103489e+01 -1.403068316975825791e+00 1.058558095131440169e+00 9.999999999999975131e+00
6.000000000000000000e+00 -9.095860547622715231e+00 1.263488407865876795e+01 -1.276101712872433014e+00 1.036577110161065240e+00 1.000000000000041034e+01
6.500000000000000000e+00 -8.771851387399753008e+00 1.314382052940045931e+01 -1.170274240293474044e+00 1.014886941977629409e+00 9.999999999999994671e+00
