# time, goalRoll, leanTorque, roll, rollrate, lean, leanrate
0.001,0,-0.0058054458435697264,6.348505363733458e-09,-1.0391833129119732e-05,0.0,0.0
0.002,0,-0.004212374080268429,1.593070864341881e-08,-1.0418514102026818e-05,9.582203279685354e-06,-2.6680972907086e-05
0.003,0,0.00019149137750578034,3.210727704521037e-08,-1.0447826329537787e-05,1.6176568401791555e-05,-2.9312227510968676e-05
0.004,0,-4.378192284480633e-05,4.415193527522441e-08,-1.0463602675136802e-05,1.2044658230014043e-05,-1.5776345599015747e-05
0.005,0,0.0005705885232007981,5.850977673607629e-08,-1.0484832041571345e-05,1.435784146085188e-05,-2.122936643454221e-05
0.006,0,0.00020496120486977482,7.19578888297978e-08,-1.050467376829642e-05,1.3448112093721514e-05,-1.9841726725074773e-05
0.007,0,0.00020335524936830347,8.586359696911191e-08,-1.0526275284677817e-05,1.3905708139314107e-05,-2.1601516381397683e-05
0.008,0,1.947495972759363e-05,9.93559329804507e-08,-1.0547391224360129e-05,1.3492336011338794e-05,-2.111593968231215e-05
0.009000000000000001,0,-6.109718065495743e-06,1.1289572863922723e-07,-1.056891120939893e-05,1.3539795658776524e-05,-2.1519985038800563e-05
0.010000000000000002,0,-4.7128641330658285e-05,1.263044572524919e-07,-1.0590269694917322e-05,1.3408728613264669e-05,-2.1358485518392195e-05
0.011000000000000003,0,-2.87910955966671e-05,1.39733732449825e-07,-1.061172471647702e-05,1.3429275197333105e-05,-2.145502155969727e-05
0.012000000000000004,0,-1.380798085335363e-05,1.5313045359690938e-07,-1.0633102305226498e-05,1.3396721147084377e-05,-2.1377588749479245e-05
0.013000000000000005,0,1.0366558629305508e-05,1.6652041371444307e-07,-1.0654450688865102e-05,1.3389960117533686e-05,-2.1348383638603523e-05
0.014000000000000005,0,2.409361868129564e-05,1.7987158233608026e-07,-1.067570511061458e-05,1.3351168621637188e-05,-2.1254421749478315e-05
0.015000000000000006,0,3.243185555961651e-05,1.931785948971081e-07,-1.0696871852421205e-05,1.3307012561027844e-05,-2.1166741806624665e-05
0.016000000000000007,0,3.313161187218794e-05,2.0642647179127313e-07,-1.0717933446212138e-05,1.3247876894165023e-05,-2.1061593790933544e-05
0.017000000000000008,0,3.0688506637002386e-05,2.1961290541976202e-07,-1.0738896171519924e-05,1.3186433628488896e-05,-2.096272530778518e-05
0.01800000000000001,0,2.6609674234674523e-05,2.327360620049459e-07,-1.0759760767507088e-05,1.312315658518387e-05,-2.086459598716405e-05
0.01900000000000001,0,2.3131845893906156e-05,2.4579868692310745e-07,-1.0780533660146826e-05,1.3062624918161561e-05,-2.0772892639738788e-05
0.02000000000000001,0,2.077125124660614e-05,2.5880331201945943e-07,-1.0801218065933729e-05,1.3004625096351976e-05,-2.068440578690265e-05
0.02100000000000001,0,1.9746216870271047e-05,2.7175273814978355e-07,-1.0821817145271341e-05,1.2949426130324121e-05,-2.0599079337612093e-05
0.022000000000000013,0,1.9650452572690658e-05,2.8464864360243715e-07,-1.084233200731225e-05,1.2895905452653597e-05,-2.0514862040908275e-05
0.023000000000000013,0,2.0076672918773606e-05,2.974919894676277e-07,-1.0862763156385988e-05,1.284334586519054e-05,-2.0431149073738523e-05
0.024000000000000014,0,2.0621721081498512e-05,3.1028300138312367e-07,-1.0883110399649973e-05,1.2791011915495985e-05,-2.034724326398544e-05
0.025000000000000015,0,2.1059395383286366e-05,3.2302159766591815e-07,-1.0903373527248876e-05,1.2738596282794478e-05,-2.0263127598902492e-05
0.026000000000000016,0,2.128993786890999e-05,3.3570757961139403e-07,-1.0923552386117213e-05,1.268598194547588e-05,-2.0178858868337096e-05
0.027000000000000017,0,2.13250747551014e-05,3.4834082784469687e-07,-1.0943647048980612e-05,1.2633248233302841e-05,-2.009466286339883e-05
0.028000000000000018,0,2.1222900499770665e-05,3.609213478543936e-07,-1.0963657756440684e-05,1.2580520009696732e-05,-2.0010707460071665e-05
0.02900000000000002,0,2.105406470142169e-05,3.734492758306933e-07,-1.0983584879078574e-05,1.2527927976299668e-05,-1.9927122637890702e-05
0.03000000000000002,0,2.0873205976557233e-05,3.859248342789592e-07,-1.1003428836327573e-05,1.2475558448265926e-05,-1.9843957248998363e-05
0.03100000000000002,0,2.0712358787430305e-05,3.983482889411132e-07,-1.1023190051139881e-05,1.2423454662154015e-05,-1.9761214812308325e-05
0.03200000000000002,0,2.0582225103301342e-05,4.1071991173125525e-07,-1.1042868919685738e-05,1.2371622790142037e-05,-1.967886854585683e-05
0.03300000000000002,0,-0.008821936548471175,4.043980353505536e-07,-1.1037956603920505e-05,-6.321876380701653e-06,4.9123157652329e-06
0.03400000000000002,0,-0.0007953620894593375,4.213675090271955e-07,-1.1078013163676266e-05,1.6969473676641913e-05,-4.0056559755761244e-05
0.035000000000000024,0,0.0004850051292839314,4.328998303425823e-07,-1.1092615025584814e-05,1.153232131538679e-05,-1.4601861908547563e-05
0.036000000000000025,0,0.00043410204922338666,4.440383572681234e-07,-1.1106156019740072e-05,1.1138526925541075e-05,-1.3540994155258817e-05
0.037000000000000026,0,0.0003184668746730955,4.557437137548803e-07,-1.112237954683743e-05,1.1705356486756939e-05,-1.622352709735739e-05
0.03800000000000003,0,5.223217066477933e-05,4.6738299630475717e-07,-1.1139739721394088e-05,1.1639282549876855e-05,-1.736017455665797e-05
0.03900000000000003,0,-6.284627023900572e-05,4.792249620973615e-07,-1.1158473072877256e-05,1.1841965792604316e-05,-1.8733351483167805e-05
0.04000000000000003,0,-0.0001313133806651809,4.911461420390332e-07,-1.1177914385962404e-05,1.1921179941671731e-05,-1.944131308514843e-05
0.04100000000000003,0,-0.00010604380646688905,5.032512280935487e-07,-1.1197990123507925e-05,1.2105086054515446e-05,-2.007573754552098e-05
0.04200000000000003,0,-4.6607668564311276e-05,5.154783551632709e-07,-1.1218316569712149e-05,1.222712706972225e-05,-2.0326446204223928e-05
0.04300000000000003,0,3.292754077796438e-05,5.277932853684384e-07,-1.123867620852388e-05,1.2314930205167499e-05,-2.0359638811730482e-05
0.04400000000000003,0,9.96005254538055e-05,5.401120961803989e-07,-1.1258831171605271e-05,1.2318810811960507e-05,-2.0154963081391855e-05
0.04500000000000003,0,0.00014471280379981747,5.523732466665765e-07,-1.1278664745250159e-05,1.226115048617761e-05,-1.983357364488761e-05
0.046000000000000034,0,0.0001636881541067364,5.645241369067935e-07,-1.1298113576513021e-05,1.2150890240216967e-05,-1.944883126286225e-05
0.047000000000000035,0,0.0001629774788444614,5.765391377337713e-07,-1.1317179539161714e-05,1.2015000826977793e-05,-1.9065962648692918e-05
0.048000000000000036,0,0.00015024938255304987,5.884095514716235e-07,-1.1335888171387508e-05,1.1870413737852175e-05,-1.870863222579389e-05
0.04900000000000004,0,0.00013371976344860685,6.001410899878605e-07,-1.1354277190896689e-05,1.1731538516237022e-05,-1.8389019509180922e-05
0.05000000000000004,0,0.00011868246689961202,6.117448778776968e-07,-1.137237839571549e-05,1.1603787889836272e-05,-1.8101204818800925e-05
0.05100000000000004,0,0.0001079358168664269,6.23233146089958e-07,-1.1390214246413885e-05,1.1488268212261185e-05,-1.7835850698395063e-05
0.05200000000000004,0,0.00010188561653239015,6.346154403605145e-07,-1.1407795754018386e-05,1.138229427055656e-05,-1.758150760450157e-05
0.05300000000000004,0,9.969959781427114e-05,6.458978235447295e-07,-1.1425125529639263e-05,1.1282383184214996e-05,-1.732977562087678e-05
0.05400000000000004,0,0.00010004688269192988,6.570830566715843e-07,-1.1442200789763383e-05,1.1185233126854832e-05,-1.7075260124119817e-05
0.05500000000000004,0,0.00010171716534327843,6.681716781158558e-07,-1.1459016614998861e-05,1.108862144427143e-05,-1.681582523547824e-05
0.05600000000000004,0,0.00010384898713432145,6.791630710095921e-07,-1.1475568082526369e-05,1.099139289373632e-05,-1.6551467527507768e-05
0.057000000000000044,0,0.00010593955122593837,6.900562690075923e-07,-1.149185142331999e-05,1.0893197998000229e-05,-1.628334079362019e-05
0.058000000000000045,0,0.00010775668964426279,7.008504285306951e-07,-1.1507864413119956e-05,1.079415952310283e-05,-1.6012989799966647e-05
0.059000000000000045,0,0.00010921331879463254,7.115449747604668e-07,-1.1523606200009011e-05,1.0694546229771634e-05,-1.574178688905539e-05
0.060000000000000046,0,0.00011028052924645952,7.221395700446895e-07,-1.1539076913549959e-05,1.0594595284222683e-05,-1.547071354094749e-05
0.06100000000000005,0,0.00011095042352715505,7.326340241268805e-07,-1.1554277243729816e-05,1.049445408219104e-05,-1.5200330179857715e-05
0.06200000000000005,0,0.00011122788764900917,7.43028208371319e-07,-1.1569208073455783e-05,1.0394184244438475e-05,-1.4930829725966083e-05
0.06300000000000004,0,0.00011114350218150489,7.533220239290003e-07,-1.1583870242344728e-05,1.0293815557681347e-05,-1.4662168888945014e-05
0.06400000000000004,0,0.00011076074968601345,7.635154076750759e-07,-1.1598264411492028e-05,1.019338374607557e-05,-1.4394169147300453e-05
0.06500000000000004,0,0.00011017160520343603,7.736083553737363e-07,-1.1612391011343883e-05,1.0092947698660359e-05,-1.4126599851855138e-05
0.06600000000000004,0,0.00010948719368687092,7.836009539023029e-07,-1.1626250266977457e-05,9.99259852856661e-06,-1.3859255633573965e-05
0.06700000000000005,0,0.00010881628844087565,7.934933893379145e-07,-1.1639842239937774e-05,9.892435435611663e-06,-1.3591972960317104e-05
0.06800000000000005,0,0.00010824891650198326,8.032859411479982e-07,-1.1653166898560856e-05,9.792551810083648e-06,-1.3324658623081485e-05
0.06900000000000005,0,0.0001078429346228491,8.1297895600989e-07,-1.1666224179198533e-05,9.693014861891867e-06,-1.3057280637677709e-05
0.07000000000000005,0,0.00010762032064023104,8.225728151126796e-07,-1.167901404132695e-05,9.593859102789504e-06,-1.2789862128416944e-05
0.07100000000000005,0,0.00010756908110743853,8.320678971688223e-07,-1.1691536497650107e-05,9.495082056142745e-06,-1.2522456323156223e-05
0.07200000000000005,0,0.00010765366708703456,8.414645524797531e-07,-1.1703791633517781e-05,9.396655310930766e-06,-1.225513586767457e-05
0.07300000000000005,0,-0.5619498608751318,-4.209102575249964e-07,-9.847630868815193e-06,-0.0012623748100047494,0.001856160764702588
0.07400000000000005,0,-0.35341756017510734,-8.355438918064922e-07,-1.001867441412841e-05,-0.00041463363428149584,-0.00017104354531321628
0.07500000000000005,0,-0.33140145064243187,-1.434362960296089e-06,-9.420116862430638e-06,-0.0005988190684895967,0.0005985575516977717
0.07600000000000005,0,-0.37584284673000107,-2.1148518553824894e-06,-8.735506625808181e-06,-0.0006804888950864004,0.0006846102366224562
0.07700000000000005,0,-0.3920190142118557,-2.743634490684681e-06,-8.306371693760302e-06,-0.0006287826353021918,0.0004291349320478793
0.07800000000000006,0,-0.38567316534707474,-3.2924755232159393e-06,-8.126246410946104e-06,-0.0005488410325312581,0.00018012528281419792
0.07900000000000006,0,-0.36749087501464256,-3.7418437897512787e-06,-8.208871771723808e-06,-0.0004493682665353394,-8.262536077770367e-05
0.08000000000000006,0,-0.34041557810244133,-4.0685772134805105e-06,-8.595227744529849e-06,-0.00032673342372923183,-0.00038635597280604097
0.08100000000000006,0,-0.3027374302629223,-4.247088601943048e-06,-9.326993341263806e-06,-0.0001785113884625379,-0.0007317655967339571
0.08200000000000006,0,-0.2548384281250064,-4.258073562099306e-06,-1.0425401300940594e-05,-1.0984960156257305e-05,-0.001098407959676788
0.08300000000000006,0,-0.1949679491165456,-4.081903628786717e-06,-1.190467684659229e-05,0.0001761699333125884,-0.0014792755456516954
0.08400000000000006,0,-0.12550314517153882,-3.7091142135448078e-06,-1.3754231073428201e-05,0.00037278941524190954,-0.001849554226835912
0.08500000000000006,0,0.003194757123909042,-3.0268033179522607e-06,-1.609686976665217e-05,0.0006823108955925471,-0.002342638693223969
0.08600000000000006,0,-0.050314052965579614,-2.4955343839626216e-06,-1.8156681897757922e-05,0.0005312689339896391,-0.0020598121311057515
0.08700000000000006,0,0.007544094237519005,-1.7447550251440265e-06,-2.072692309687661e-05,0.000750779358818595,-0.002570241199118689
0.08800000000000006,0,-0.005698707567273864,-1.0505229928132966e-06,-2.316055333437995e-05,0.0006942320323307299,-0.0024336302375033377
0.08900000000000007,0,0.008567450326067316,-3.0065337617012e-07,-2.5727345079017308e-05,0.0007498696166431765,-0.0025667917446373593
0.09000000000000007,0,0.0029963441829207182,4.2952156347804406e-07,-2.8252767658177985e-05,0.0007301749396481641,-0.0025254225791606763
0.09100000000000007,0,0.004599675246220403,1.16939397467142e-06,-3.0807611312349955e-05,0.000739872411193376,-0.0025548436541719703
0.09200000000000007,0,0.001678938239882743,1.9006541191535175e-06,-3.334799692581704e-05,0.0007312601444820974,-0.0025403856134670875
0.09300000000000007,0,0.0013601275558100532,2.632359699775774e-06,-3.5893847250449964e-05,0.0007317055806222567,-0.002545850324632921
0.09400000000000007,0,0.0004193773356007124,3.3607842932613437e-06,-3.843478877998832e-05,0.0007284245934855695,-0.0025409415295383547
0.09500000000000007,0,0.0004621495919434621,4.088829757279728e-06,-4.097648321922111e-05,0.0007280454640183847,-0.0025416944392327905
0.09600000000000007,0,0.0004211433162624178,4.815620186257677e-06,-4.351618989159238e-05,0.0007267904289779486,-0.0025397066723712725
0.09700000000000007,0,0.0005785224975101143,5.541759961369638e-06,-4.605511421855082e-05,0.0007261397751119614,-0.0025389243269584405
0.09800000000000007,0,0.0006004024678232245,6.2667789366852705e-06,-4.8592214594367936e-05,0.0007250189753156322,-0.002537100375817114
0.09900000000000007,0,0.000571504465241346,6.9906388960463455e-06,-5.112758740388863e-05,0.0007238599593610749,-0.0025353728095206967
0.10000000000000007,0,0.00044690464198515756,7.713119250071784e-06,-5.366089015903845e-05,0.0007224803540254389,-0.002533302755149819
0.10100000000000008,0,0.00029903217633664447,8.434220500756974e-06,-5.619222396812642e-05,0.0007211012506851893,-0.0025313338090879696
0.10200000000000008,0,0.00015538583769825206,9.153973837854825e-06,-5.872166827816247e-05,0.0007197533370978516,-0.002529444310036051
0.10300000000000008,0,5.6630477440533755e-05,9.872507816529138e-06,-6.124945704943103e-05,0.0007185339786743121,-0.0025277887712685542
0.10400000000000008,0,1.3571727669248097e-05,1.0589959856895743e-05,-6.377580538968641e-05,0.0007174520403666052,-0.002526348340255386
0.10500000000000008,0,2.720562106317523e-05,1.1306467050523844e-05,-6.630092362235075e-05,0.0007165071936281012,-0.0025251182326643347
0.10600000000000008,0,8.343314681136257e-05,1.2022129069382851e-05,-6.88249566118113e-05,0.0007156620188590073,-0.002524032989460547
0.10700000000000008,0,0.00016412183258851515,1.273700411936037e-05,-7.134798823601652e-05,0.0007148750499775193,-0.0025230316242052238
0.10800000000000008,0,0.0002498254761662542,1.345110580457436e-05,-7.387003608033185e-05,0.000714101685213989,-0.0025220478443153294
0.10900000000000008,0,0.00032499143544373305,1.416441322749768e-05,-7.639106861650863e-05,0.0007133074229233197,-0.0025210325361767812
0.11000000000000008,0,0.0003792515900885586,1.4876882285184012e-05,-7.891102058249172e-05,0.0007124690576863324,-0.0025199519659830872
0.11100000000000008,0,0.0004081890932839951,1.558845907413944e-05,-8.1429812348267e-05,0.0007115767889554296,-0.0025187917657752902
0.11200000000000009,0,0.00041237559016515913,1.6299090799557144e-05,-8.394736506223175e-05,0.0007106317254177027,-0.0025175527139647417
0.11300000000000009,0,0.00039607017681353424,1.7008734042975756e-05,-8.646361264975095e-05,0.0007096432434186123,-0.0025162475875191996
0.11400000000000009,0,0.00036555079284295006,1.771735932057367e-05,-8.897850857272744e-05,0.000708625277597915,-0.0025148959229764965
0.11500000000000009,0,0.0003276661771719479,1.8424952531783574e-05,-9.149202841101688e-05,0.0007075932112099022,-0.0025135198382894336
0.11600000000000009,0,0.00028866093628487926,1.913151376776007e-05,-9.400416861486651e-05,0.0007065612359764954,-0.0025121402038496346
0.11700000000000009,0,0.0002534305492761793,1.9837054429622444e-05,-9.651494275296978e-05,0.0007055406618623746,-0.0025107741381032726
0.11800000000000009,0,0.0002251607609801145,2.054159346092439e-05,-9.902437628592689e-05,0.0007045390313019465,-0.002509433532957105
0.11900000000000009,0,0.00020531101807708124,2.1245153469034912e-05,-0.00010153250098817742,0.0007035600081105218,-0.00250812470225053
0.12000000000000009,0,0.00019384222074414468,2.19477572896684e-05,-0.00010403934983524989,0.0007026038206334889,-0.0025068488470724724
0.1210000000000001,0,0.00018959440932797564,2.2649425357978392e-05,-0.0001065449529454839,0.0007016680683099914,-0.002505603110234013
0.1220000000000001,0,0.00019072240710005258,2.3350174043203218e-05,-0.00010904933486863841,0.0007007486852248256,-0.002504381923154508
0.1230000000000001,0,0.00019511416264850196,2.4050014932362345e-05,-0.00011155251326048315,0.000699840889159127,-0.0025031783918447394
0.1240000000000001,0,0.00020074205277553767,2.474895492986691e-05,-0.00011405449879504402,0.0006989399975045634,-0.00250198553456087
0.12500000000000008,0,0.00020591132432123984,2.544699694885699e-05,-0.00011655529601005505,0.0006980420189900829,-0.0025007972150110263
0.12600000000000008,0,-0.22415799335590655,2.5650519055326654e-05,-0.00011835930435560804,0.00020352210646966217,-0.001804008345552993
0.12700000000000009,0,-0.2196555502320708,2.6020639496270376e-05,-0.00012073556950512092,0.0003701204409437223,-0.0023762651495128793
0.12800000000000009,0,-0.1962063271503595,2.64042560100333e-05,-0.00012304652680267408,0.00038361651376292265,-0.0023109572975531546
0.1290000000000001,0,-0.22021567271668038,2.6718917879546272e-05,-0.00012522395154191136,0.0003146618695129735,-0.0021774247392372876
0.1300000000000001,0,-0.24248237918526683,2.7026161386282375e-05,-0.00012747917448513498,0.00030724350673610236,-0.0022552229432236132
0.1310000000000001,0,-0.26396264554754223,2.73299440922912e-05,-0.00012982230159708471,0.00030378270600882535,-0.0023431271119497376
0.1320000000000001,0,-0.28025699694476935,2.7645688199078732e-05,-0.00013228348868727543,0.0003157441067875322,-0.0024611870901907135
0.1330000000000001,0,-0.2935121415681038,2.7981784893465382e-05,-0.0001348780909097255,0.0003360966943866503,-0.002594602222450072
0.1340000000000001,0,-0.3019303056734819,2.8352674909039607e-05,-0.00013763459343831366,0.0003708900155742248,-0.002756502528588158
0.1350000000000001,0,-0.3070794990156933,2.8767426418338222e-05,-0.0001405698454779614,0.00041475150929861466,-0.0029352520396477497
0.1360000000000001,0,-0.30446171476116474,2.924551212987093e-05,-0.00014371652930855508,0.00047808571153270754,-0.0031466838305936723
0.1370000000000001,0,-0.29623919759832673,2.9797610040875196e-05,-0.00014708633483531897,0.0005520979110042664,-0.0033698055267638908
0.1380000000000001,0,-0.2826471050425089,3.0435208693268503e-05,-0.0001506950757780846,0.0006375986523933073,-0.003608740942765635
0.1390000000000001,0,-0.2645008112384757,3.116695057640227e-05,-0.00015455237507713766,0.0007317418831337699,-0.0038572992990530577
0.1400000000000001,0,-0.24275721822015536,3.199865911045975e-05,-0.00015866241756732372,0.0008317085340574744,-0.004110042490186052
0.1410000000000001,0,-0.20977482675630987,3.295201975079747e-05,-0.00016304974272982192,0.0009533606403377251,-0.004387325162498202
0.1420000000000001,0,-0.17685433287585606,3.4016774965984825e-05,-0.00016767872845094989,0.001064755215187352,-0.004628985721127969
0.1430000000000001,0,-0.0054537369421303605,3.549159090853037e-05,-0.00017295798753213262,0.0014748159425455438,-0.005279259081182737
0.1440000000000001,0,-0.052616082592852546,3.678796845239785e-05,-0.0001778281885202517,0.0012963775438674823,-0.004870200988119078
0.1450000000000001,0,0.009593016857466719,3.831376470192023e-05,-0.00018322556116065838,0.0015257962495223813,-0.00539737264040668
0.1460000000000001,0,-0.007607381103029943,3.977680117591529e-05,-0.000188485108173696,0.0014630364739950576,-0.00525954701303762
0.1470000000000001,0,0.0059882285251728895,4.130011051371903e-05,-0.00019389965487645169,0.0015233093378037366,-0.005414546702755684
0.1480000000000001,0,-0.0014162948199596412,4.2800986857282535e-05,-0.00019927383828593695,0.0015008763435635079,-0.0053741834094852645
0.1490000000000001,0,0.0015912473557937452,4.4316008758955326e-05,-0.00020468867616823497,0.0015150219016727918,-0.005414837882298021
0.1500000000000001,0,0.00016458064572399972,4.582433032610561e-05,-0.00021009081308522137,0.001508321567150281,-0.005402136916986402
0.1510000000000001,0,0.002353909521461528,4.733746448028502e-05,-0.0002155041369856825,0.0015131341541794142,-0.0054133239004611235
0.1520000000000001,0,0.0033881350447040335,4.884982974396366e-05,-0.00022091422059177413,0.0015123652636786394,-0.005410083606091631
0.1530000000000001,0,0.005054335438697155,5.036391751914539e-05,-0.00022632696119813495,0.0015140877751817282,-0.00541274060636082
0.1540000000000001,0,0.005809390088769461,5.1876959831808004e-05,-0.0002317368173374692,0.0015130423126626144,-0.0054098561393342605
0.1550000000000001,0,0.00611386158747873,5.338829734557275e-05,-0.00023714357437384367,0.0015113375137647456,-0.005406757036374461
0.1560000000000001,0,0.0056418998448695135,5.48960073184554e-05,-0.00024254404459290242,0.0015077099728826534,-0.005400470219058754
0.1570000000000001,0,-0.3664721972928599,5.55861865640786e-05,-0.0002467993587612316,0.0006901792456231949,-0.004255314168329202
0.1580000000000001,0,-0.19424738308234413,5.693116328912353e-05,-0.00025257288900879134,0.0013449767250449318,-0.005773530247559714
0.1590000000000001,0,-0.1657096409472458,5.8185075811566646e-05,-0.0002578858715589195,0.0012539125224431162,-0.005312982550128165
0.16000000000000011,0,-0.17198482888282896,5.9454303242360344e-05,-0.00026328505251541295,0.001269227430793698,-0.005399180956493449
0.16100000000000012,0,-0.1675505849565155,6.079381285591242e-05,-0.0002689159511466259,0.001339509613552077,-0.005630898631212965
0.16200000000000012,0,-0.14371570615341867,6.222880216988186e-05,-0.000274776420216801,0.001434989313969437,-0.005860469070175065
0.16300000000000012,0,-0.12225449525238673,6.373558564619559e-05,-0.0002807936270708224,0.0015067834763137285,-0.006017206854021413
0.16400000000000012,0,-0.1032305094129604,6.530948230326294e-05,-0.0002869629306102568,0.0015738966570673547,-0.006169303539434406
0.16500000000000012,0,-0.0848864116097634,6.694697898098718e-05,-0.0002932754381053124,0.0016374966777242424,-0.006312507495055599
0.16600000000000012,0,-0.06827362871071774,6.863981667181851e-05,-0.0002997102740664399,0.00169283769083133,-0.00643483596112751
0.16700000000000012,0,-0.05385969761883858,7.037964741717376e-05,-0.00030624842775181315,0.001739830745355243,-0.006538153685373235
0.16800000000000012,0,-0.03913803311665797,7.216401402015356e-05,-0.0003128799515848392,0.001784366602979807,-0.006631523833026053
0.16900000000000012,0,-0.0029777499714203058,7.40342871314773e-05,-0.0003196508841655686,0.0018702731113237386,-0.006770932580729401
0.17000000000000012,0,-0.026461380622147646,7.58391032101273e-05,-0.00032630495048934324,0.0018048160786499946,-0.006654066323774632
0.17100000000000012,0,-0.0020235949173752483,7.772600288083368e-05,-0.00033314086701764854,0.0018868996707063844,-0.0068359165283053015
0.17200000000000013,0,-0.011277736039778666,7.957545083598804e-05,-0.0003398922593045768,0.0018494479551543633,-0.006751392286928246
0.17300000000000013,0,-0.003281498951208439,8.145290555209316e-05,-0.00034671077225440595,0.0018774547161051107,-0.0068185129498291655
0.17400000000000013,0,-0.0041469945618506365,8.332224530657923e-05,-0.00035350962464030173,0.0018693397544860791,-0.006798852385895778
0.17500000000000013,0,-0.0002035789203396205,8.520125635002075e-05,-0.00036032945760842576,0.0018790110434415113,-0.006819832968124031
0.17600000000000013,0,0.00108742919936522,8.707945856942601e-05,-0.0003671454962914556,0.0018782022194052676,-0.006816038683029853
0.17700000000000013,0,0.003272768789187586,8.89607423820687e-05,-0.0003739673924258683,0.0018812838126426898,-0.0068218961344126685
0.17800000000000013,0,0.004229736738406321,9.084107743897447e-05,-0.00038078661011154113,0.0018803350569057658,-0.006819217685672849
0.17900000000000013,0,0.004938114908637159,9.272038256198936e-05,-0.0003876040401403339,0.0018793051230148942,-0.006817430028792793
0.18000000000000013,0,0.004903782588710159,9.459661597804849e-05,-0.00039441591301218404,0.0018762334160591255,-0.0068118728718501165
0.18100000000000013,0,0.004528491321527327,9.646912956379464e-05,-0.00040122151305576676,0.0018725135857461546,-0.006805600043582719
0.18200000000000013,0,0.003824969129236022,9.833708112588168e-05,-0.0004080193633970471,0.0018679515620870343,-0.006797850341280364
0.18300000000000013,0,0.0030372312776254518,0.00010020031740127429,-0.0004148092811773909,0.001863236275392608,-0.006789917780343794
0.18400000000000014,0,0.002269467059061947,0.00010205886186867185,-0.0004215912173731152,0.0018585444673975672,-0.006781936195724271
0.18500000000000014,0,0.0016475195988816527,0.00010391306161848884,-0.0004283656807807308,0.0018541997498169875,-0.006774463407615584
0.18600000000000014,0,0.0012180163879562667,0.0001057633546166362,-0.00043513328584785166,0.001850292998147355,-0.006767605067120889
0.18700000000000014,0,0.0010002137078501951,0.00010761023497710905,-0.0004418947598634108,0.0018468803604728577,-0.006761474015559156
0.18800000000000014,0,0.0009693537593096202,0.00010945413880004719,-0.00044865074490934795,0.001843903822938139,-0.006755985045937124
0.18900000000000014,0,0.0010825844397865931,0.0001112954103521094,-0.0004554017626916652,0.0018412715520622067,-0.006751017782317275
0.19000000000000014,0,0.0012845912170835751,0.00011313426911084131,-0.0004621481552666042,0.0018388587587319092,-0.0067463925749389935
0.19100000000000014,0,0.0015222082662211815,0.00011497081561793095,-0.00046889009465085683,0.0018365465070896375,-0.006741939384252617
0.19200000000000014,0,0.0017503051041090067,0.00011680504742382954,-0.0004756276004991114,0.0018342318058985963,-0.006737505848254546
0.19300000000000014,0,0.0019372126398546912,0.00011863688914193537,-0.00048236058252604545,0.0018318417181058223,-0.006732982026934071
0.19400000000000014,0,0.0020654209114558952,0.00012046622356179056,-0.0004890888836506648,0.0018293344198551966,-0.006728301124619388
0.19500000000000015,0,0.0021306245705923206,0.00012229292149094169,-0.0004958123234195081,0.0018266979291511236,-0.006723439768843232
0.19600000000000015,0,0.0021387288163277063,0.00012411686498302337,-0.0005025307323090208,0.001823943492081689,-0.006718408889512702
0.19700000000000015,0,0.002102343025406572,0.00012593796305485343,-0.0005092439760829627,0.0018210980718300573,-0.006713243773941884
0.19800000000000015,0,-0.31973090255489856,0.00012705418703631578,-0.0005149756394107715,0.0011162239814623454,-0.005731663327808835
0.19900000000000015,0,-0.220180557754879,0.00012863576001769693,-0.0005218958341093351,0.0015815729813811567,-0.006920194698563581
0.20000000000000015,0,-0.23013410208043328,0.0001301001231489571,-0.0005284454609306333,0.0014643631312601536,-0.006549626821298216
0.20100000000000015,0,-0.22571054720600903,0.0001316217306881622,-0.0005351795773046895,0.0015216075392051026,-0.006734116374056218
0.20200000000000015,0,-0.21119933941734034,0.0001332241870028644,-0.0005421347277544181,0.0016024563147022132,-0.006955150449728634
0.20300000000000015,0,-0.1932153339439033,0.00013491226739764236,-0.0005493118487684025,0.0016880803947779538,-0.007177121013984345
0.20400000000000015,0,-0.17361993986101296,0.00013668880461170223,-0.0005567138643436487,0.0017765372140598763,-0.0074020155752461654
0.20500000000000015,0,-0.27032221630557096,0.00013829965002766457,-0.0005639868538769298,0.0016108454159623404,-0.007272989533281169
0.20600000000000016,0,-0.23757459835079417,0.00014011895775879418,-0.0005718500985915627,0.0018193077311296044,-0.007863244714632877
0.20700000000000016,0,-0.2252854955654075,0.00014199832006808817,-0.0005798712888764597,0.0018793623092939896,-0.00802119028489698
0.20800000000000016,0,-0.23471132097232147,0.00014392326438678561,-0.0005881025690676353,0.001924944318697447,-0.008231280191175637
0.20900000000000016,0,-0.24461610607006312,0.00014591118848354716,-0.000596608473656448,0.001987924096761548,-0.008505904588812724
0.21000000000000016,0,-0.24915042679087748,0.0001479692728830037,-0.0006053891244312558,0.0020580843994565394,-0.008780650774807747
0.21100000000000016,0,-0.25393956839303167,0.00015009010203900812,-0.0006144193501563727,0.002120829156004422,-0.009030225725116916
0.21200000000000016,0,-0.25058587718887165,0.0001522911027313584,-0.0006237227673884151,0.002201000692350272,-0.009303417232042428
0.21300000000000016,0,-0.24734018362362312,0.00015456521644458,-0.0006332749110439281,0.0022741137132215906,-0.00955214365551296
0.21400000000000016,0,-0.2440703364333494,0.00015691242085041408,-0.0006430758350756904,0.0023472044058340928,-0.00980092403176226
0.21500000000000016,0,-0.23948427108610604,0.0001593341270625922,-0.0006531245573617997,0.0024217062121781284,-0.01004872228610931
0.21600000000000016,0,-0.23395581607973767,0.00016182927942580202,-0.0006634130744231998,0.002495152363209813,-0.010288517061400104
0.21700000000000016,0,-0.22686730939999886,0.00016439832200408413,-0.0006739358097085939,0.002569042578282109,-0.010522735285394099
0.21800000000000017,0,-0.22556961701935352,0.00016702487007089288,-0.0006846620689809836,0.002626548066808745,-0.010726259272389764
0.21900000000000017,0,-0.1800859255656202,0.00016980705680649707,-0.0006957323117258908,0.0027821867356041946,-0.011070242744907142
0.22000000000000017,0,-0.18098318027826774,0.0001726048309987526,-0.0007068677864863552,0.0027977741922555178,-0.011135474760464456
0.22100000000000017,0,-0.16237480816046368,0.0001754959788409219,-0.0007182537450775176,0.0028911478421693167,-0.011385958591162326
0.22200000000000017,0,-0.13621813790557624,0.00017847312415295914,-0.0007298282869041603,0.002977145312037233,-0.011574541826642777
0.22300000000000017,0,-0.12319795185522064,0.0001814986084528386,-0.0007415199260176977,0.003025484299879475,-0.011691639113537355
0.22400000000000017,0,-0.10798086135246265,0.00018458492266366079,-0.0007533631600826445,0.0030863142108221732,-0.011843234064946775
0.22500000000000017,0,0.005152804805872434,0.00018793900262854184,-0.0007656315513173342,0.0033540799648810525,-0.012268391234689785
0.22600000000000017,0,-0.025978630400865566,0.0001911673704978713,-0.000777607847932759,0.003228367869329457,-0.011976296615424735
0.22700000000000017,0,0.013470210087140888,0.00019453782527213408,-0.0007899126166033772,0.00337045477426278,-0.01230476867061824
0.22800000000000017,0,0.0022732619783498724,0.00019786374383365336,-0.0008021207103125769,0.0033259185615192866,-0.012208093709199676
0.22900000000000018,0,0.010502866237936725,0.00020122343556818216,-0.0008144193111006738,0.0033596917345287943,-0.012298600788096893
0.23000000000000018,0,0.005266375692560832,0.00020456419643511363,-0.0008266842885977118,0.0033407608669314766,-0.01226497749703796
0.23100000000000018,0,0.006177340552464551,0.00020790818053096824,-0.0008389654266706236,0.003343984095854609,-0.012281138072911882
0.23200000000000018,0,0.004007534717978877,0.00021124170366389525,-0.0008512284635193194,0.003333523132927009,-0.01226303684869574
0.23300000000000018,0,0.003875493547476517,0.0002145715037355824,-0.0008634877006855791,0.0033298000716871458,-0.012259237166259753
0.23400000000000018,0,-0.07423746707796486,0.00021772594440088065,-0.0008755010763241507,0.003154440665298255,-0.012013375638571525
0.23500000000000018,0,-0.049136541072415156,0.00022099073136885202,-0.0008877967948029675,0.0032647869679713675,-0.012295718478816864
0.23600000000000018,0,-0.21411867853004996,0.0002238686705182061,-0.0008995035453456104,0.0028779391493540755,-0.0117067505426429
0.23700000000000018,0,-0.16031675597950332,0.00022700735047777909,-0.0009118911264397546,0.0031386799595729906,-0.012387581094144146
0.23800000000000018,0,-0.16632802240970881,0.00023010781350251544,-0.0009241767832573254,0.003100463024736358,-0.012285656817570826
0.23900000000000018,0,-0.18515337210711105,0.00023321964789953475,-0.0009365988454006079,0.00311183439701931,-0.012422062143282488
0.24000000000000019,0,-0.19692033100005357,0.00023637211832021945,-0.0009492281137389332,0.003152470420684692,-0.012629268338325304
0.2410000000000002,0,-0.20650085178189181,0.0002395636217397872,-0.0009620483769587216,0.0031915034195677413,-0.012820263219788389
0.2420000000000002,0,-0.20342810505749703,0.0002428222441642498,-0.000975099728457288,0.003258622424462626,-0.0130513514985664
0.2430000000000002,0,-0.20418540275267547,0.00024613314428853137,-0.0009883475654421357,0.0033109001242815554,-0.013247836984847725
0.2440000000000002,0,-0.1990676159310345,0.00024951595975157293,-0.0010018342434042042,0.003382815463041564,-0.013486677962068483
0.2450000000000002,0,-0.19040462563881455,0.00025297573312350934,-0.0010155611503205255,0.0034597733719364055,-0.013726906916321268
0.2460000000000002,0,-0.18680906421332424,0.00025650006401408196,-0.0010295084174437306,0.003524330890572621,-0.013947267123205114
0.2470000000000002,0,-0.18252707872640261,0.0002600948468073876,-0.0010436940755413067,0.0035947827933056464,-0.014185658097576109
0.2480000000000002,0,-0.17859919261003074,0.00026375767209263154,-0.0010581114374987846,0.003662825285243932,-0.014417361957477955
0.2490000000000002,0,-0.17547457370132724,0.0002674859606615629,-0.001072755339279036,0.00372828856893138,-0.014643901780251331
0.25000000000000017,0,-0.17278937830111696,0.0002712779751583341,-0.0010876218744427977,0.0037920144967712086,-0.014866535163761711
0.25100000000000017,0,-0.17071705390911515,0.00027513115330708303,-0.0011027050015247923,0.0038531781487489048,-0.015083127081994604
0.25200000000000017,0,-0.16891225145683775,0.00027904359324233376,-0.001117999378326211,0.00391243993525073,-0.01529437680141874
0.25300000000000017,0,-0.1669698967524855,0.000283013796866355,-0.0011334991652267282,0.00397020362402124,-0.015499786900517168
0.25400000000000017,0,-0.16407941474994422,0.0002870416161233877,-0.001149199482440497,0.0040278192570326905,-0.01570031721376871
0.25500000000000017,0,-0.1597428875578517,0.00029112803512164066,-0.0011650971364027484,0.004086418998252964,-0.0158976539622515
0.25600000000000017,0,-0.15750114184628886,0.00029526591466699103,-0.001181176784567263,0.004137879545350375,-0.01607964816451469
0.2570000000000002,0,-0.14972093493270178,0.00029946749523203765,-0.0011974559530946644,0.004201580565046621,-0.016279168527401355
0.2580000000000002,0,-0.14934608971546037,0.00030370964580206454,-0.001213887480235161,0.0042421505700268826,-0.01643152714049653
0.2590000000000002,0,-0.14620597176558722,0.0003080025655037199,-0.001230494761860145,0.004292919701655361,-0.016607281624984045
0.2600000000000002,0,-0.13942552086272597,0.0003123497845186014,-0.0012472732257892928,0.004347219014881511,-0.016778463929147763
0.2610000000000002,0,-0.13677308028264787,0.00031673854265901793,-0.0012641971358712406,0.00438875814041652,-0.016923910081947803
0.2620000000000002,0,-0.1373224988787505,0.0003211644404474687,-0.0012812661578517192,0.0044258977884507455,-0.017069021980478615
0.2630000000000002,0,-0.13452507869882213,0.00032563574211982806,-0.0012984939675367384,0.0044713016723593796,-0.0172278096850192
0.2640000000000002,0,-0.13241580564786348,0.000330147145294381,-0.0013158650213414601,0.004511403174552945,-0.01737105380472171
0.2650000000000002,0,-0.13035743214869155,0.00033469890330743306,-0.0013333805867828349,0.004551758013052057,-0.017515565441374777
0.2660000000000002,0,-0.12811268218636807,0.0003392912184881903,-0.0013510406167386074,0.004592315180757239,-0.017660029955772524
0.2670000000000002,0,-0.12565525673973574,0.00034392427413350947,-0.0013688448731913642,0.004633055645319171,-0.01780425645275677
0.2680000000000002,0,-0.12298708563316563,0.0003485983991261912,-0.0013867936510980803,0.004674124992681708,-0.01794877790671609
0.2690000000000002,0,-0.12012550193447734,0.0003533140189995458,-0.0014048876771983424,0.004715619873354602,-0.018094026100262107
0.2700000000000002,0,-0.11710029304432855,0.0003580716008849729,-0.0014231279725296368,0.004757581885427139,-0.018240295331294454
0.2710000000000002,0,-0.1139468595352393,0.0003628716163717724,-0.0014415157460677757,0.00480001548679946,-0.018387773538138842
0.2720000000000002,0,-0.11070109777895443,0.00036771451360647885,-0.0014600522968295398,0.004842897234706473,-0.018536550761764088
0.2730000000000002,0,-0.10739640633370406,0.00037260069539822073,-0.0014787389230939076,0.004886181791741878,-0.0186866262643678
0.2740000000000002,0,-0.10406220639837159,0.0003775305017123977,-0.0014975768402334271,0.004929806314176973,-0.018837917139519558
0.2750000000000002,0,-0.10072348259978892,0.0003825041952839852,-0.0015165671075163122,0.004973693571587499,-0.01899026728288504
0.2760000000000002,0,-0.09740094544016564,0.0003875219495461065,-0.0015357105639823053,0.005017754262121303,-0.019143456465993153
0.2770000000000002,0,-0.09411150645056221,0.00039258383852007575,-0.0015550077736230503,0.00506188897396925,-0.01929720964074502
0.2780000000000002,0,-0.09086884819987161,0.0003976898286583748,-0.0015744589802885924,0.005105990138299027,-0.019451206665542075
0.2790000000000002,0,-0.08768394890316332,0.00040283977286147084,-0.001594064072892141,0.005149944203096054,-0.01960509260354854
0.2800000000000002,0,-0.08456549057626273,0.0004080334069899783,-0.0016138225615073855,0.005193634128507478,-0.019758488615244547
0.2810000000000002,0,-0.0815201280920954,0.0004132703491965427,-0.001633733564857345,0.005236942206564385,-0.019911003349959475
0.2820000000000002,0,-0.07855263688200685,0.000418550102309026,-0.0016537958094491032,0.005279753112483306,-0.02006224459175825
0.2830000000000002,0,-0.07566597020409381,0.0004238720593693281,-0.0016740076403032888,0.0053219570603020745,-0.020211830854185594
0.2840000000000002,0,-0.07286126676017446,0.00042923551226787545,-0.0016943670428353477,0.005363452898547369,-0.020359402532058857
0.2850000000000002,0,-0.0701378391883134,0.0004346396632686899,-0.0017148716750725495,0.005404151000814423,-0.02050463223720179
0.2860000000000002,0,-0.06641785431545698,0.0004400859894947296,-0.001735522187891698,0.0054463262260397135,-0.020650512819148568
0.2870000000000002,0,-0.06404227311902932,0.00044556997640672234,-0.0017563089811012456,0.005483986911992749,-0.020786793209547592
0.2880000000000002,0,-0.06155464916701716,0.0004510921057664095,-0.001777233350201148,0.005522129359687179,-0.020924369099902407
0.2890000000000002,0,-0.05911591937711247,0.0004566511137935667,-0.0017982911162459025,0.005559008027157205,-0.021057766044754428
0.2900000000000002,0,-0.05675287476355883,0.0004622459139718788,-0.001819478857641527,0.005594800178312052,-0.021187741395624564
0.2910000000000002,0,-0.0544326432226061,0.00046787555973746837,-0.0018407934922273635,0.005629645765589599,-0.021314634585836493
0.2920000000000002,0,-0.05213146912683886,0.0004735391548118438,-0.0018622320008204517,0.005663595074375453,-0.021438508593088143
0.2930000000000002,0,-0.04983348438498059,0.0004792358508999989,-0.0018837914570684604,0.005696696088155074,-0.02155945624800876
0.2940000000000002,0,-0.04752694404632951,0.00048496485178236887,-0.001905469062110151,0.005729000882369968,-0.02167760504169047
0.2950000000000002,0,-0.04523237589168083,0.0004907254089189135,-0.001927262283117643,0.0057605571365446345,-0.021793221007492022
0.2960000000000002,0,-0.04294138492209854,0.0004965168513254035,-0.001949168822087594,0.005791442406490022,-0.021906538969951057
0.2970000000000002,0,-0.040596227195868195,0.0005023386334463817,-0.0019711865520291353,0.005821782120978155,-0.022017729941541282
0.2980000000000002,0,-0.038150775834780326,0.0005081903140719898,-0.001993313498068245,0.005851680625608142,-0.022126946039109814
0.2990000000000002,0,-0.04154540875018319,0.000514057660679011,-0.002015526684871987,0.005867346607021191,-0.02221318680374184
0.3000000000000002,0,-0.03683239343669697,0.0005199637748539596,-0.00203787004685904,0.005906114174948542,-0.022343361987052935
0.3010000000000002,0,-0.034953001305768616,0.0005258956409804139,-0.0020603106745984124,0.005931866126454338,-0.02244062773937251
0.3020000000000002,0,-0.03366455532224854,0.0005318547660285363,-0.0020828568403972393,0.0059591250481223984,-0.02254616579882695
0.3030000000000002,0,-0.031882625443141244,0.0005378423654169538,-0.0021055105969189805,0.00598759938841753,-0.022653756521741168
0.3040000000000002,0,-0.029487708116665345,0.0005438590336767489,-0.00212827121517871,0.0060166682597951205,-0.022760618259729578
0.3050000000000002,0,-0.026597651816031128,0.000549905313669263,-0.0021511383529221003,0.006046279992514094,-0.022867137743390244
0.3060000000000002,0,-0.023372823463573947,0.0005559816558410099,-0.0021741121100148863,0.006076342171746816,-0.02297375709278595
0.3070000000000002,0,-0.019972681158221477,0.0005620883166306818,-0.002197192658316582,0.006106660789671975,-0.02308054830169569
0.3080000000000002,0,-0.016526388757740484,0.0005682253506182446,-0.0022203800664559173,0.00613703398756279,-0.023187408139335296
0.3090000000000002,0,-0.013120070633506847,0.0005743926499347215,-0.0022436742332520676,0.006167299316476834,-0.023294166796150335
0.3100000000000002,0,-0.009798986126448916,0.0005805899939789426,-0.002267074869053442,0.006197344044221167,-0.023400635801374466
0.3110000000000002,0,-0.0065774785904402135,0.000586817092140281,-0.0022905815001887527,0.006227098161338358,-0.02350663113531064
0.3120000000000002,0,-0.0034510124223832163,0.0005930736124304818,-0.0023141934809525434,0.006256520290200845,-0.0236119807637907
0.3130000000000002,0,-0.00040679973264356946,0.0005993591954514305,-0.002337910004150229,0.006285583020948656,-0.02371652319768571
0.3140000000000002,0,0.002568722014737013,0.0006056734570825932,-0.002361730107106079,0.006314261631162692,-0.023820102955849926
0.3150000000000002,0,0.005485932682490536,0.0006120159848088389,-0.00238565267381548,0.006342527726245733,-0.023922566709400767
0.3160000000000002,0,0.00835103649977409,0.0006183863323428074,-0.002409676435681171,0.006370347533968517,-0.02402376186569138
0.3170000000000002,0,0.011167017852606875,0.0006247840159167026,-0.0024337999735931032,0.006397683573895188,-0.024123537911932037
0.3180000000000002,0,0.013935467586773775,0.0006312085140144234,-0.00245802172355189,0.0064244980977208295,-0.024221749958786964
0.31900000000000023,0,0.016658407944674988,0.0006376592708799158,-0.002482339987077547,0.006450756865492339,-0.02431826352565676
0.32000000000000023,0,0.019339570930156924,0.0006441357031273401,-0.00250675294663265,0.00647643224742432,-0.02441295955510304
0.32100000000000023,0,0.02198491730273577,0.0006506372082673796,-0.0025312586854660947,0.006501505140039509,-0.024505738833444698
0.32200000000000023,0,0.024602444785568167,0.0006571631738849102,-0.0025558552107556184,0.006525965617530552,-0.024596525289523677
0.32300000000000023,0,0.027201491375434372,0.0006637129864176225,-0.002580540478699164,0.006549812532712345,-0.024685267943545808
0.32400000000000023,0,0.02913760245645669,0.0006702847480687662,-0.002605310923280438,0.00657176165114366,-0.02477044458127362
0.32500000000000023,0,0.03213671440993603,0.0006768810070310802,-0.0026301706363711856,0.006596258962314038,-0.024859713090747814
0.32600000000000023,0,0.034662824991582575,0.0006834993716899422,-0.0026551133859305308,0.006618364658862036,-0.024942749559345168
0.32700000000000023,0,0.03709625710403941,0.0006901395448931134,-0.0026801386053736794,0.006640173203171129,-0.025025219443148682
0.32800000000000024,0,0.03962146429074398,0.0006968011702186227,-0.002705244633930507,0.006661625325509292,-0.025106028556827475
0.32900000000000024,0,0.042250381554570275,0.0007034837817383477,-0.002730429362114568,0.006682611519725091,-0.025184728184060937
0.33000000000000024,0,0.044959957881403056,0.000710186911842149,-0.0027556907842024346,0.006703130103801261,-0.025261422087866775
0.33100000000000024,0,0.047725211776373115,0.0007169100951031952,-0.002781027020973195,0.006723183261046241,-0.025336236770760485
0.33200000000000024,0,0.050522802758264256,0.0007236528580924344,-0.002806436275129862,0.006742762989239183,-0.02540925415666674
0.33300000000000024,0,0.053333684652583806,0.0007304147234075695,-0.0028319168249080393,0.006761865315135069,-0.025480549778177444
0.33400000000000024,0,0.05614500127458477,0.0007371952211487294,-0.002857467035349496,0.006780497741159879,-0.025550210441456847
0.33500000000000024,0,0.05895012445183755,0.0007439939009990468,-0.002883085371671736,0.006798679850317452,-0.025618336322239844
0.33600000000000024,0,0.06174737058013057,0.0007508103417967482,-0.002908770409901326,0.006816440797701383,-0.025685038229590184
0.33700000000000024,0,0.06453818972571401,0.0007576441573865503,-0.0029345208429264673,0.006833815589802109,-0.025750433025141083
0.33800000000000024,0,0.06732541621048327,0.0007644949986316332,-0.0029603354812164674,0.006850841245082903,-0.025814638290000153
0.33900000000000025,0,0.0701119260306573,0.000771362552171666,-0.002986213248328139,0.00686755354003274,-0.0258777671116716
0.34000000000000025,0,0.07289983584990978,0.000778246536865678,-0.0030121531719473483,0.006883984694012048,-0.025939923619209323
0.34100000000000025,0,0.07569020719172848,0.0007851466988880541,-0.0030381543715026966,0.006900162022376098,-0.026001199555348263
0.34200000000000025,0,0.07848312573519678,0.0007920628062923514,-0.0030642160434688347,0.006916107404297302,-0.02606167196613808
0.34300000000000025,0,0.08127798673391329,0.0007989946436012591,-0.0030903374453730317,0.006931837308907706,-0.026121401904197032
0.34400000000000025,0,0.08407384050837406,0.0008059420067455792,-0.0031165178793773206,0.006947363144320048,-0.026180434004288884
0.34500000000000025,0,0.0868696890638061,0.0008129046984735994,-0.003142756676109088,0.0069626917280202465,-0.02623879673176741
0.34600000000000025,0,0.0896646786663897,0.0008198825242357271,-0.003169053179259075,0.006977825762127647,-0.026296503149986824
0.34700000000000025,0,0.09245817969746906,0.0008268752885034987,-0.003195406731342159,0.006992764267771618,-0.026353552083084337
0.34800000000000025,0,0.09524977034320335,0.0008338827914734987,-0.0032218166609050266,0.007007502970000023,-0.02640992956286746
0.34900000000000025,0,0.09803916153204638,0.0008409048261421949,-0.0032482822714118968,0.007022034668696165,-0.02646561050687014
0.35000000000000026,0,0.10082609808510767,0.0008479411757648851,-0.0032748028319691384,0.00703634962269026,-0.026520560557241613
0.35100000000000026,0,0.10361027020014024,0.0008549916117479728,-0.0033013775700154384,0.007050435983087721,-0.026574738046299985
0.35200000000000026,0,0.10639125225138635,0.0008620558920262031,-0.0033280056660320943,0.007064280278230297,-0.026628096016655892
0.35300000000000026,0,0.1091684815420013,0.0008691337599832165,-0.0033546862502922686,0.00707786795701331,-0.026680584260174375
0.35400000000000026,0,0.11194127232070893,0.000876224943943849,-0.0033814184015840253,0.007091183960632511,-0.026732151291756698
0.35500000000000026,0,0.11470886023057414,0.0008833291572486183,-0.003408201147801184,0.00710421330476932,-0.026782746217158745
0.35600000000000026,0,0.11747046350409107,0.0008904460988819056,-0.003435033468222469,0.007116941633287339,-0.026832320421285062
0.35700000000000026,0,0.12022534915938189,0.0008975754545983028,-0.0034619142972588347,0.007129355716397126,-0.02688082903636556
0.35800000000000026,0,0.12297289365191943,0.0009047168984668656,-0.0034888425294105924,0.007141443868562895,-0.026928232151757735
0.35900000000000026,0,0.12571262907211708,0.0009118700947336819,-0.0035158170251489867,0.007153196266816253,-0.026974495738394267
0.36000000000000026,0,0.12844427114547405,0.0009190346998973446,-0.0035428366174334374,0.007164605163662713,-0.02701959228445074
0.36100000000000027,0,0.13116772632645812,0.0009262103648877835,-0.0035699001185732293,0.007175664990438906,-0.027063501139791904
0.36200000000000027,0,0.13388308059393328,0.0009333967372492489,-0.0035970063271664036,0.007186372361465401,-0.02710620859317425
0.36300000000000027,0,0.13659057246283712,0.0009405934632372135,-0.0036241540348681753,0.007196725987964627,-0.027147707701771686
0.36400000000000027,0,0.13929055506486596,0.0009478001897557041,-0.0036513420327774953,0.007206726518490603,-0.02718799790931998
0.36500000000000027,0,0.1419834522477208,0.0009550165660783938,-0.0036785691172665815,0.007216376322689692,-0.027227084489086194
0.36600000000000027,0,0.14466971265935946,0.0009622422453124757,-0.003705834095115212,0.007225679234081875,-0.02726497784863056
0.36700000000000027,0,0.14734976787866394,0.000969476885585803,-0.003733135787859305,0.0072346402733272554,-0.027301692744092967
0.36800000000000027,0,0.15002399445942327,0.0009767201509438847,-0.003760473035285779,0.007243265358081738,-0.02733724742647395
0.36900000000000027,0,0.15269268619387244,0.0009839717119680027,-0.003787844698063899,0.007251561024118006,-0.02737166277812014
0.3700000000000003,0,0.155356033301425,0.0009912312461230165,-0.003815249659509544,0.007259534155013752,-0.027404961445644856
0.3710000000000003,0,0.15801411163828047,0.0009984984378616356,-0.0038426868265293303,0.00726719173861916,-0.027437167019786404
0.3720000000000003,0,0.16066688126804696,0.0010057729785150134,-0.0038701551298058897,0.007274540653377792,-0.027468303276559358
0.3730000000000003,0,0.16331419164616623,0.0010130545660001354,-0.0038976535233011256,0.007281587485122006,-0.027498393495235893
0.3740000000000003,0,0.16595579258071955,0.0010203429043792293,-0.00392518098317545,0.007288338379093885,-0.027527459874324665
0.3750000000000003,0,0.168591351768538,0.0010276377033117535,-0.003952736506236442,0.007294798932524224,-0.02755552306099151
0.3760000000000003,0,0.17122047299457588,0.0010349386774277602,-0.003980319108016689,0.007300974116006623,-0.027582601780247115
0.3770000000000003,0,0.17384271712857835,0.001042245545661359,-0.004007927820606036,0.007306868233598841,-0.02760871258934705
0.3780000000000003,0,0.17645762303312826,0.0010495580305739849,-0.004035561690345068,0.007312484912625882,-0.02763386973903166
0.3790000000000003,0,0.17906472711399066,0.0010568758576952342,-0.004063219775485889,0.00731782712124927,-0.027658085140821326
0.3800000000000003,0,0.18166358138424063,0.001064198754907065,-0.004090901143919879,0.0073228972118307995,-0.0276813684339898
0.3810000000000003,0,0.18425376854930775,0.0010715264518906377,-0.004118604871055954,0.007327696983572751,-0.027703727136074892
0.3820000000000003,0,0.18683491454249523,0.0010788586796533822,-0.004146330037924802,0.007332227762744514,-0.027725166868848745
0.3830000000000003,0,0.18940669802685758,0.0010861951701482203,-0.004174075729566637,0.007336490494838036,-0.027745691641834977
0.3840000000000003,0,0.19196885586799617,0.0010935356559906506,-0.004201841033742495,0.0073404858424303,-0.02776530417585802
0.3850000000000003,0,0.1945211875391166,0.0011008798702821633,-0.004229625040004831,0.00734421429151276,-0.027784006262335584
0.3860000000000003,0,0.19706355462854838,0.0011082275465333275,-0.0042574268391273205,0.0073476762511642205,-0.027801799122489576
0.3870000000000003,0,0.19959587984796467,0.0011155784186885544,-0.004285245522903712,0.00735087215522688,-0.027818683776391177
0.3880000000000003,0,0.20211814314538484,0.001122932221241825,-0.004313080184291492,0.007353802553270675,-0.0278346613877805
0.3890000000000003,0,0.20463037669183312,0.001130288689435374,-0.004340929917877315,0.007356468193548847,-0.027849733585823093
0.3900000000000003,0,0.20713265879924325,0.0011376475595291607,-0.00436879382062593,0.007358870093786794,-0.027863902748614944
0.3910000000000003,0,0.20962510665917922,0.001145008569126548,-0.0043966709928661965,0.0073610095973873375,-0.027877172240266257
0.3920000000000003,0,0.21210786973087625,0.001152371457544165,-0.004424560539468154,0.007362888417616941,-0.027889546601957832
0.3930000000000003,0,0.21458112169204216,0.0011597359662069405,-0.0044524615711500175,0.007364508662775467,-0.027901031681863177
0.3940000000000003,0,0.21704505359001924,0.0011671018390565504,-0.004480373205867271,0.0073658728496099266,-0.027911634717253837
0.3950000000000003,0,0.21949986718987358,0.0011744688229572808,-0.004508294570225652,0.00736698390073039,-0.027921364358380468
0.3960000000000003,0,0.22194576789600087,0.001181836668083729,-0.0045362248008642145,0.007367845126448301,-0.02793023063856273
0.3970000000000003,0,0.22438295980129472,0.0011892051282819621,-0.004564163045768211,0.007368460198233038,-0.02793824490399631
0.3980000000000003,0,0.22681163998573428,0.0011965739613890134,-0.004592108465461125,0.007368833107051229,-0.02794541969291381
0.3990000000000003,0,0.22923199419411944,0.001203942929504559,-0.004620060234047054,0.00736896811554563,-0.027951768585929293
0.4000000000000003,0,0.23164419298057567,0.0012113117992068577,-0.004648017540072695,0.007368869702298678,-0.02795730602564092
0.4010000000000003,0,0.23404838910324344,0.0012186803417097848,-0.004675979587191413,0.007368542502927131,-0.02796204711871808
0.4020000000000003,0,0.23644471450353066,0.001226048332955771,-0.004703945594612607,0.007367991245986211,-0.027966007421193796
0.4030000000000003,0,0.23883327943044458,0.0012334155536485455,-0.0047319147973398585,0.007367220692774479,-0.027969202727251737
0.4040000000000003,0,0.2412141710117801,0.0012407817892236429,-0.00475988644619302,0.0073662355750973765,-0.027971648853161203
0.4050000000000003,0,0.24358745262489997,0.0012481468297617657,-0.004787859807628434,0.007365040538122834,-0.027973361435414297
0.4060000000000003,0,0.2459531654409783,0.0012555104698535055,-0.0048158341633771735,0.007363640091739843,-0.02797435574873955
0.4070000000000003,0,0.24831132748935492,0.0012628725084141504,-0.0048438088099084465,0.007362038560644818,-0.027974646531273017
0.4080000000000003,0,0.2506619364476075,0.0012702327484656808,-0.00487178305776143,0.007360240051530395,-0.02797424785298385
0.4090000000000003,0,0.253004970612726,0.001277590996886521,-0.004899756230756174,0.007358248420840166,-0.027973172994743244
0.4100000000000003,0,0.25534039128995367,0.001284947064141946,-0.00492772766512288,0.007356067255425,-0.027971434366706564
0.4110000000000003,0,0.2576681450454137,0.001292300764001857,-0.004955696708574213,0.007353699859911,-0.027969043451332894
0.4120000000000003,0,0.2599881664266537,0.0012996519132552765,-0.0049836627193518375,0.007351149253419578,-0.02796601077762438
0.4130000000000003,0,0.26230038064549266,0.0013070003314288557,-0.005011625065273497,0.007348418173579218,-0.027962345921659672
0.4140000000000003,0,0.2646047063045031,0.0013143458405167109,-0.005039583122806645,0.007345509087855169,-0.027958057533148187
0.4150000000000003,0,0.26690105775599626,0.0013216882647270939,-0.005067536276190144,0.0073424242103829924,-0.027953153383498443
0.4160000000000003,0,0.269189348527914,0.001329027430253939,-0.005095483916627797,0.007339165526845139,-0.02794764043765295
0.4170000000000003,0,0.27146949238074924,0.0013363631650716865,-0.005123425441559416,0.007335734817747472,-0.027941524931619083
0.4180000000000003,0,0.2737414065094388,0.0013436952987633051,-0.005151360254034766,0.007332133691618625,-0.02793481247535031
0.4190000000000003,0,0.27600501291887,0.0013510236623779147,-0.005179287762186368,0.007328363614609581,-0.027927508151602033
0.4200000000000003,0,0.2782602392303745,0.0013583480883195098,-0.005207207378809349,0.007324425941595105,-0.027919616622980488
0.4210000000000003,0,0.28050702127826366,0.0013656684102711623,-0.005235118521055564,0.007320321951652517,-0.027911142246215062
0.4220000000000003,0,0.2827453018053241,0.0013729844631439505,-0.005263020610222276,0.007316052872788229,-0.027902089166711996
0.4230000000000003,0,0.284975032720987,0.001380296083059965,-0.005290913071651895,0.0073116199160144345,-0.027892461429619188
0.4240000000000003,0,0.28719617379408374,0.0013876031073562585,-0.0053187953347129426,0.007307024296293509,-0.027882263061047678
0.4250000000000003,0,0.28940869308127043,0.0013949053746137017,-0.00534666683286817,0.007302267257443219,-0.02787149815522763
0.4260000000000003,0,0.29161256605707037,0.0014022027247030478,-0.005374527003808575,0.007297350089346044,-0.027860170940404404
0.4270000000000003,0,0.29380777525617585,0.001409494998846903,-0.005402375289646242,0.007292274143855292,-0.02784828583766736
0.4280000000000003,0,0.29599430897178797,0.0014167820396914158,-0.005430211137148426,0.007287040844512803,-0.027835847502184242
0.4290000000000003,0,0.2981721605151577,0.0014240636913860037,-0.00545803399800419,0.007281651694587875,-0.027822860855763673
0.4300000000000003,0,0.3003413272068052,0.0014313397996664802,-0.005485843329108302,0.007276108280476453,-0.027809331104112177
0.4310000000000003,0,0.3025018091831182,0.0014386102119381297,-0.005513638592850925,0.007270412271649521,-0.027795263742622957
0.43200000000000033,0,0.304653608624279,0.001445874777356787,-0.005541419257404108,0.007264565418657306,-0.027780664553183135
0.43300000000000033,0,0.3067967283355007,0.0014531333469035143,-0.005569184796992394,0.007258569546727276,-0.027765539588286287
0.43400000000000033,0,0.3089311717597702,0.0014603857734543655,-0.005596934692146,0.00725242655085119,-0.02774989515360541
0.43500000000000033,0,0.31105694157324315,0.0014676319118392496,-0.00562466842992189,0.007246138384884096,-0.02773373777589013
0.43600000000000033,0,0.31317403949061795,0.0014748716188924815,-0.005652385504096192,0.0072397070532319655,-0.027717074174302136
0.43700000000000033,0,0.3152824658233388,0.0014821047534926105,-0.005680085415320471,0.007233134600128938,-0.027699911224279145
0.43800000000000033,0,0.31738221915720555,0.0014893311765917306,-0.0057077676712419985,0.007226423099120126,-0.027682255921527253
0.43900000000000033,0,0.319473296706537,0.0014965507512356717,-0.005735431786589746,0.007219574643941087,-0.02766411534774714
0.44000000000000034,0,0.3215556937699171,0.0015037633425730294,-0.005763077283223073,0.0072125913373577,-0.027645496633327098
0.44100000000000034,0,0.32362940465847867,0.001510968817857692,-0.0057907036901527036,0.007205475284662683,-0.02762640692963083
0.44200000000000034,0,0.32569442208187377,0.0015181670464412557,-0.00581831054352843,0.007198228583563679,-0.02760685337572632
0.44300000000000034,0,0.32775073879055133,0.001525357899762737,-0.0058458973866092525,0.0071908533214812016,-0.02758684308082262
0.44400000000000034,0,0.32979834670885916,0.0015325412513294996,-0.005873463769706177,0.007183351566762697,-0.027566383096924545
0.44500000000000034,0,0.3318372385350621,0.0015397169766982893,-0.005901009250117674,0.007175725368789663,-0.02754548041149739
0.44600000000000034,0,0.33386740766758377,0.0015468849534519271,-0.005928533392049903,0.0071679767536378045,-0.027524141932228248
0.44700000000000034,0,0.335888848853429,0.0015540450611760772,-0.005956035766534019,0.0071601077241501086,-0.02750237448411602
0.44800000000000034,0,0.33790155871581984,0.001561197181436355,-0.005983515951342123,0.0071521202602777174,-0.02748018480810445
0.44900000000000034,0,0.3399055361386507,0.0015683411977566967,-0.006010973530905824,0.007144016320341723,-0.02745757956370068
0.45000000000000034,0,0.3419007829017326,0.0015754769956005947,-0.006038408096241965,0.0071357978438980636,-0.027434565336141407
0.45100000000000035,0,0.343887303716512,0.0015826044623544614,-0.006065819244885769,0.007127466753866678,-0.027411148643803618
0.45200000000000035,0,0.3458651064771123,0.0015897234873146343,-0.006093206580835774,0.00711902496017291,-0.02738733595000504
0.45300000000000035,0,0.3478342025437567,0.0015968339616782429,-0.006120569714511224,0.0071104743636085654,-0.027363133675449916
0.45400000000000035,0,0.3497946071912424,0.0016039357785385118,-0.006147908262723187,0.007101816860268905,-0.02733854821196282
0.45500000000000035,0,0.35174633865860105,0.001611028832881301,-0.006175221848654652,0.007093054342789283,-0.02731358593146497
0.45600000000000035,0,0.3536894190761854,0.0016181130215879214,-0.006202510101858663,0.007084188706620292,-0.027288253204011022
0.45700000000000035,0,0.35562387372833637,0.0016251882434387104,-0.006229772658262733,0.0070752218507890915,-0.027262556404070507
0.45800000000000035,0,0.35754973113594785,0.0016322543991201736,-0.0062570091601856495,0.00706615568146318,-0.02723650192291635
0.45900000000000035,0,0.35946702261009994,0.0016393113912332188,-0.006284219256360365,0.007056992113045222,-0.027210096174715495
0.46000000000000035,0,0.3613757819120442,0.0016463591243026036,-0.0063114026019628925,0.007047733069384752,-0.027183345602527567
