# time, goalRoll, leanTorque, roll, rollrate, lean, leanrate
0.001,0,-0.007432301104398642,2.6947883975371478e-09,-9.750646716710776e-06,0.0,0.0
0.002,0,0.006220669271669832,2.9355092762615907e-08,-9.80007520499248e-06,2.666030436507876e-05,-4.942848828170358e-05
0.003,0,-0.0018780606481239547,3.32918096497878e-08,-9.794793944531126e-06,3.9367168871718925e-06,5.281260461353405e-06
0.004,0,-0.001711308235280015,4.5404704861552263e-08,-9.819266752754922e-06,1.2112895211764464e-05,-2.4472808223796244e-05
0.005,0,-0.00018765152842471766,5.986841320513458e-08,-9.847030996752824e-06,1.4463708343582314e-05,-2.7764243997901338e-05
0.006,0,-0.0004313695957217827,7.321532766558222e-08,-9.871648523399214e-06,1.3346914460447638e-05,-2.4617526646390314e-05
0.007,0,0.00020926085601608545,8.843868213098142e-08,-9.901006896621751e-06,1.5223354465399198e-05,-2.9358373222537334e-05
0.008,0,0.0008617309921529273,1.047234500147945e-07,-9.932054916455664e-06,1.628476788381308e-05,-3.104801983391327e-05
0.009000000000000001,0,-0.011019437507936339,9.740593482940712e-08,-9.918724823944431e-06,-7.3175151853873754e-06,1.3330092511233343e-05
0.010000000000000002,0,-0.009773301577731076,9.803118872031255e-08,-9.930260059886227e-06,6.252538909054276e-07,-1.1535235941795429e-05
0.011000000000000003,0,-0.018227574331204706,7.856375833758181e-08,-9.897886264582949e-06,-1.9467430382730734e-05,3.2373795303277414e-05
0.012000000000000004,0,-0.030564592804051865,3.882865647086364e-08,-9.834849789751308e-06,-3.973510186671817e-05,6.303647483164155e-05
0.013000000000000005,0,-0.03715264388126787,-1.0505590302705451e-08,-9.759721415145675e-06,-4.9334246773569094e-05,7.51283746056321e-05
0.014000000000000005,0,-0.04458450997877579,-7.497438821863348e-08,-9.65495256025302e-06,-6.446879791592804e-05,0.00010476885489265597
0.015000000000000006,0,-0.05293088347496819,-1.5334029773145132e-07,-9.528319405372876e-06,-7.836590951281783e-05,0.00012663315488014386
0.016000000000000007,0,-0.07126163355286165,-2.589416889180786e-07,-9.366371310709354e-06,-0.00010560139118662725,0.00016194809466352184
0.017000000000000008,0,-0.07471838866479454,-3.5933218359538137e-07,-9.235306359830075e-06,-0.0001003904946773028,0.0001310649508792791
0.01800000000000001,0,-0.07598533751594827,-4.5993018484538996e-07,-9.107118071554422e-06,-0.00010059800125000859,0.00012818828827565308
0.01900000000000001,0,-0.07866310208362925,-5.598775411996972e-07,-8.990074004051063e-06,-9.994735635430724e-05,0.00011704406750335841
0.02000000000000001,0,-0.08114008691048516,-6.544538617012362e-07,-8.900914432151224e-06,-9.457632050153899e-05,8.915957189983943e-05
0.02100000000000001,0,-0.08459315828770247,-7.434660380195992e-07,-8.84387485481693e-06,-8.901217631836298e-05,5.703957733429377e-05
0.022000000000000013,0,-0.08608214743243768,-8.217063369798981e-07,-8.831133800077728e-06,-7.824029896029895e-05,1.2741054739202217e-05
0.023000000000000013,0,-0.08605253032281317,-8.869953088157508e-07,-8.865294098383693e-06,-6.52889718358527e-05,-3.416029830596546e-05
0.024000000000000014,0,-0.0858349858354609,-9.387018280504968e-07,-8.948052467095384e-06,-5.1706519234745975e-05,-8.275836871169068e-05
0.025000000000000015,0,-0.0864460135205921,-9.769911234585589e-07,-9.081832478579354e-06,-3.8289295408062086e-05,-0.00013378001148396995
0.026000000000000016,0,-0.08603651115784275,-9.98840782589264e-07,-9.274175687513909e-06,-2.184965913070521e-05,-0.00019234320893455503
0.027000000000000017,0,-0.0856658069217729,-1.004519233193971e-06,-9.524278359697807e-06,-5.6784506047069565e-06,-0.00025010267218389837
0.028000000000000018,0,-0.08527002977854105,-9.933992848738104e-07,-9.834422794054542e-06,1.1119948320160593e-05,-0.00031014443435673454
0.02900000000000002,0,-0.084917406997605,-9.652099395333644e-07,-1.0205820032959646e-05,2.8189345340446043e-05,-0.0003713972389051037
0.03000000000000002,0,-0.08467535878009516,-9.198759018604079e-07,-1.0639199892613093e-05,4.533403767295648e-05,-0.0004333798596534476
0.03100000000000002,0,-0.08456822553570975,-8.574185481694687e-07,-1.11350209642903e-05,6.24573536909392e-05,-0.0004958210716772074
0.03200000000000002,0,-0.08455386544581492,-7.778630002103753e-07,-1.1693574116629178e-05,7.955554795909344e-05,-0.000558553152338877
0.03300000000000002,0,-0.1164005665895127,-7.453279965360621e-07,-1.219250738088797e-05,3.253500367431322e-05,-0.0004989332642587923
0.03400000000000002,0,-0.13782268371045864,-7.089811366622211e-07,-1.2782028539912196e-05,3.634685987384092e-05,-0.0005895211590242263
0.035000000000000024,0,-0.15575334628827814,-6.761294566773397e-07,-1.3422246988679263e-05,3.28516799848814e-05,-0.0006402184487670665
0.036000000000000025,0,-0.14522691042881072,-6.028870817550987e-07,-1.4172720227681274e-05,7.324237492224108e-05,-0.0007504732390020115
0.037000000000000026,0,-0.1327191754177576,-5.019862123126268e-07,-1.4979333809268398e-05,0.00010090086944247183,-0.0008066135815871235
0.03800000000000003,0,-0.12519770474960004,-3.758392923192202e-07,-1.5851372927368607e-05,0.00012614691999340665,-0.0008720391181002092
0.03900000000000003,0,-0.12639930595278737,-2.3244416834303647e-07,-1.679087833654553e-05,0.0001433951239761837,-0.0009395054091769245
0.04000000000000003,0,-0.11931388504143414,-5.2923771485066666e-08,-1.7837872523159008e-05,0.0001795203968579698,-0.0010469941866134765
0.04100000000000003,0,-0.1119636382303234,1.5575973995679271e-07,-1.8965774239797175e-05,0.00020868351144185938,-0.001127901716638167
0.04200000000000003,0,-0.10590202197296755,3.9190598113913384e-07,-2.0173094130320137e-05,0.00023614624118234112,-0.0012073198905229625
0.04300000000000003,0,-0.09860683308563256,6.583339840754993e-07,-2.146595314936254e-05,0.00026642800293636543,-0.0012928590190424021
0.04400000000000003,0,-0.08960826258559651,9.56248665469332e-07,-2.2842813755517217e-05,0.00029791468139383267,-0.0013768606061546774
0.04500000000000003,0,-0.07941318462543567,1.285818879995118e-06,-2.43001516591208e-05,0.0003295702145257861,-0.0014573379036035825
0.046000000000000034,0,-0.07032924527256951,1.6438134720272905e-06,-2.5830198112779455e-05,0.0003579945920321725,-0.0015300464536586557
0.047000000000000035,0,-0.060203067991852766,2.031658038337121e-06,-2.743463404467564e-05,0.00038784456630983023,-0.0016044359318961856
0.048000000000000036,0,-0.049387065535834995,2.448208830950983e-06,-2.9106908803403052e-05,0.0004165507926138623,-0.0016722747587274108
0.04900000000000004,0,-0.03914943501552853,2.8905839906405827e-06,-3.0838619059435657e-05,0.00044237515968959955,-0.0017317102560326046
0.05000000000000004,0,-0.031659487600412706,3.3529975212930757e-06,-3.261842830015911e-05,0.00046241353065249293,-0.0017798092407234542
0.05100000000000004,0,-0.026578961245057042,3.8312384201754306e-06,-3.4439569214737106e-05,0.0004782408988823549,-0.001821140914577995
0.05200000000000004,0,-0.018323219305504013,4.329643591336051e-06,-3.6306723851330154e-05,0.0004984051711606207,-0.0018671546365930482
0.05300000000000004,0,-0.012252778923111163,4.840145220692973e-06,-3.8198033434304366e-05,0.0005105016293569214,-0.0018913095829742117
0.05400000000000004,0,-0.010526768706131895,5.355838063226811e-06,-4.010370589254752e-05,0.0005156928425338384,-0.001905672458243152
0.05500000000000004,0,-0.007519903086066426,5.879758032827988e-06,-4.203038696028728e-05,0.0005239199696011767,-0.0019266810677397636
0.05600000000000004,0,-0.005664821639635109,6.407006271091987e-06,-4.3964138047014e-05,0.0005272482382639995,-0.0019337510867267185
0.057000000000000044,0,-0.0050494351052379205,6.935137119323025e-06,-4.5900402234570085e-05,0.0005281308482310377,-0.0019362641875560849
0.058000000000000045,0,-0.005275882243878538,7.462510021329593e-06,-4.78361484782202e-05,0.0005273729020065683,-0.001935746243650113
0.059000000000000045,0,-0.006173195488178962,7.987625176980092e-06,-4.9768236511555805e-05,0.0005251151556504987,-0.0019320880333356068
0.060000000000000046,0,-0.007618462659514158,8.509332056079572e-06,-5.169436515081889e-05,0.0005217068790994803,-0.001926128639263082
0.06100000000000005,0,-0.014987045123723175,9.017708523598888e-06,-5.3599154595391454e-05,0.0005083764675193163,-0.0019047894445725665
0.06200000000000005,0,-0.014962981673159348,9.528300337519717e-06,-5.5513368271362606e-05,0.0005105918139208286,-0.001914213675971152
0.06300000000000004,0,-0.016333083903496637,1.0033115099735516e-05,-5.741243693864525e-05,0.0005048147622157983,-0.0018990686672826448
0.06400000000000004,0,-0.01914124559402186,1.0532036997021322e-05,-5.9301096106054884e-05,0.0004989218972858064,-0.0018886591674096337
0.06500000000000004,0,-0.021709376594499563,1.1027021073967003e-05,-6.118567408653479e-05,0.0004949840769456816,-0.0018845779804799075
0.06600000000000004,0,-0.0298476774525559,1.1509040127980968e-05,-6.305281833283142e-05,0.00048201905401396467,-0.00186714424629663
0.06700000000000005,0,-0.033302158368286816,1.1989866155404903e-05,-6.492909508121473e-05,0.0004808260274239351,-0.0018762767483833044
0.06800000000000005,0,-0.03260517375233085,1.2473048773105477e-05,-6.681261058600115e-05,0.000483182617700574,-0.0018835155047864228
0.06900000000000005,0,-0.03321861779289942,1.2955186488292425e-05,-6.869550936322238e-05,0.0004821377151869475,-0.0018828987772212334
0.07000000000000005,0,-0.03399766628491552,1.3438628973100561e-05,-7.058708329503245e-05,0.0004834424848081362,-0.0018915739318100626
0.07100000000000005,0,-0.033882437861812775,1.392563216031446e-05,-7.249245111272291e-05,0.00048700318721389907,-0.0019053678176904657
0.07200000000000005,0,-0.038804218585103856,1.440771738866519e-05,-7.439841303682665e-05,0.0004820852283507303,-0.0019059619241037415
0.07300000000000005,0,-0.038175923765458475,1.4897696780149752e-05,-7.633231211844071e-05,0.000489979391484562,-0.0019338990816140597
0.07400000000000005,0,-0.035267978068762584,1.539518718636028e-05,-7.828451468830493e-05,0.0004974904062105293,-0.001952202569864214
0.07500000000000005,0,-0.03327638634852348,1.5898254307122848e-05,-8.025121270230634e-05,0.0005030671207625665,-0.001966698014001418
0.07600000000000005,0,-0.03138735262069903,1.6408187944271412e-05,-8.223758727251751e-05,0.0005099336371485644,-0.0019863745702111695
0.07700000000000005,0,-0.029058832686584712,1.6925780338844206e-05,-8.424501946305234e-05,0.0005175923945727934,-0.0020074321905348214
0.07800000000000006,0,-0.026443485018368684,1.7450979491261842e-05,-8.62723207033054e-05,0.0005251991524176363,-0.002027301240253065
0.07900000000000006,0,-0.03281308062188937,1.7968813645203504e-05,-8.829653912858156e-05,0.0005178341539416618,-0.0020242184252761636
0.08000000000000006,0,-0.02775856309336966,1.8503389848204556e-05,-9.036561269656188e-05,0.0005345762030010521,-0.0020690735679803176
0.08100000000000006,0,-0.023776780733898883,1.9043823735074363e-05,-9.244318587661152e-05,0.0005404338868698074,-0.002077573180049634
0.08200000000000006,0,-0.021954618132666304,1.9588586665482466e-05,-9.453145255767744e-05,0.0005447629304081024,-0.002088266681065927
0.08300000000000006,0,-0.020233366066033542,2.013903596891383e-05,-9.66358324692193e-05,0.0005504493034313639,-0.0021043799115418606
0.08400000000000006,0,-0.018311896636092118,2.069485652592714e-05,-9.875446344133337e-05,0.0005558205570133117,-0.0021186309721140714
0.08500000000000006,0,-0.0204032204416158,2.1249006704931297e-05,-0.00010087579010307383,0.0005541501790041559,-0.002121326661740452
0.08600000000000006,0,-0.024374638770758184,2.1800538205534496e-05,-0.0001030030650684973,0.0005515315006031985,-0.0021272749654234788
0.08700000000000006,0,-0.019906905897287608,2.2363454396093522e-05,-0.0001051576181753232,0.0005629161905590262,-0.0021545531068258906
0.08800000000000006,0,-0.01770227660729451,2.292792917991606e-05,-0.00010731129611587911,0.0005644747838225375,-0.0021536779405559115
0.08900000000000007,0,-0.017241536848610295,2.3493836835096732e-05,-0.00010946995826150027,0.0005659076551806725,-0.0021586621456211584
0.09000000000000007,0,-0.016641832413812452,2.4062485180528563e-05,-0.00011163795236366157,0.0005686483454318312,-0.0021679941021613015
0.09100000000000007,0,-0.015768270265881235,2.463370162219822e-05,-0.00011381365884748528,0.0005712164416696562,-0.0021757064838237115
0.09200000000000007,0,-0.025759307083144445,2.518941937398277e-05,-0.00011596942111946731,0.0005557177517845517,-0.0021557622719820353
0.09300000000000007,0,-0.021774104051452747,2.575933188734992e-05,-0.00011816459172559248,0.0005699125133671491,-0.002195170606125163
0.09400000000000007,0,-0.019216252513819976,2.6330348051950915e-05,-0.00012035590330331523,0.0005710161646009943,-0.002191311577722749
0.09500000000000007,0,-0.019133146418867986,2.690139398999779e-05,-0.00012254834622897268,0.0005710459380468761,-0.00219244292565745
0.09600000000000007,0,-0.018889191962906615,2.747493342243339e-05,-0.00012475046411708263,0.0005735394324355989,-0.0022021178881099493
0.09700000000000007,0,-0.018102582381616994,2.8051377739955874e-05,-0.00012696182535740962,0.0005764443175224845,-0.002211361240326995
0.09800000000000007,0,-0.027972148423369148,2.86129692574249e-05,-0.00012915516537813699,0.0005615915174690261,-0.0021933400207273645
0.09900000000000007,0,-0.02371973244996395,2.9189620390257963e-05,-0.0001313901242475968,0.0005766511328330621,-0.002234958869459818
0.10000000000000007,0,-0.020731477041160185,2.976851499057193e-05,-0.000133623868560266,0.0005788946003139667,-0.002233744312669201
0.10100000000000008,0,-0.02014553560511556,3.0348645535033686e-05,-0.00013586138015718634,0.000580130544461757,-0.00223751159692033
0.10200000000000008,0,-0.019367238888338467,3.093249456573564e-05,-0.0001381111668004168,0.0005838490307019561,-0.0022497866432304656
0.10300000000000008,0,-0.01803223802819487,3.1520441936056973e-05,-0.00014037263789418156,0.0005879473703213308,-0.0022614710937647574
0.10400000000000008,0,-0.02780228318448208,3.209393435006806e-05,-0.00014261721219513857,0.0005734924140110854,-0.0022445743009570107
0.10500000000000008,0,-0.022828810940946576,3.268410401010767e-05,-0.0001449068046047917,0.000590169660039611,-0.0022895924096531435
0.10600000000000008,0,-0.019258544484038964,3.327733791004712e-05,-0.00014719614350698932,0.0005932338999394484,-0.00228933890219761
0.10700000000000008,0,-0.018270940996826246,3.387240789083784e-05,-0.00014949005306419513,0.0005950699807907243,-0.0022939095572058112
0.10800000000000008,0,-0.017150433086702055,3.447171629053034e-05,-0.00015179696428402572,0.0005993083996924943,-0.0023069112198305895
0.10900000000000008,0,-0.01524578437614188,3.507593550243772e-05,-0.0001541165531011999,0.0006042192119073845,-0.002319588817174166
0.11000000000000008,0,-0.026046473883223564,3.566357563170748e-05,-0.0001564151500547007,0.0005876401292697608,-0.0022985969535008156
0.11100000000000008,0,-0.020284995277768836,3.6269763230569736e-05,-0.000158762879517384,0.0006061875988622536,-0.002347729462683301
0.11200000000000009,0,-0.016384811954379797,3.687864112909821e-05,-0.00016110782398668407,0.0006088778985284751,-0.002344944469300067
0.11300000000000009,0,-0.015450672914544272,3.7488831521082374e-05,-0.00016345564095345235,0.0006101903919841634,-0.0023478169667682795
0.11400000000000009,0,-0.014379123238563829,3.8102957994023216e-05,-0.0001658155627618682,0.0006141264729408419,-0.0023599218084158495
0.11500000000000009,0,-0.017075014914707087,3.87143515346899e-05,-0.0001681765152052484,0.0006113935406666866,-0.002360952443380184
0.11600000000000009,0,-0.02293928706405257,3.931987385145838e-05,-0.00017053828425382176,0.0006055223167684753,-0.002361769048573372
0.11700000000000009,0,-0.017186102222718325,3.993969823171761e-05,-0.00017293354368187164,0.0006198243802592288,-0.002395259428049877
0.11800000000000009,0,-0.014134619584164398,4.056117983527691e-05,-0.00017532530285170372,0.0006214816035593053,-0.0023917591698320853
0.11900000000000009,0,-0.01326583782822488,4.118435685840922e-05,-0.00017772162285566598,0.0006231770231323086,-0.0023963200039622615
0.12000000000000009,0,-0.011768799238711103,4.1811769792777485e-05,-0.00018012965448575358,0.0006274129343682643,-0.002408031630087595
0.1210000000000001,0,-0.02291915778343767,4.242189470907495e-05,-0.00018251538674133493,0.0006101249162974624,-0.0023857322555813506
0.1220000000000001,0,-0.017335363164004525,4.304996585758466e-05,-0.0001849487158852127,0.000628071148509713,-0.0024333291438777705
0.1230000000000001,0,-0.013609018951771468,4.3680016982473426e-05,-0.0001873773028539209,0.0006300511248887656,-0.0024285869687081874
0.1240000000000001,0,-0.01283851229753774,4.4310744954978145e-05,-0.00018980704115326876,0.0006307279725047181,-0.0024297382993478727
0.12500000000000008,0,-0.011890954029639134,4.494487677991833e-05,-0.00019224739955213077,0.0006341318249401861,-0.002440358398862004
0.12600000000000008,0,-0.014782078887515149,4.5575642274712544e-05,-0.0001946871837346583,0.0006307654947942131,-0.002439784182527529
0.12700000000000009,0,-0.02114142550194953,4.6199535140217515e-05,-0.00019712589618377913,0.0006238928655049713,-0.0024387124491208364
0.12800000000000009,0,-0.015086224474435861,4.6838259261045156e-05,-0.00019959899278982647,0.0006387241208276407,-0.0024730966060473414
0.1290000000000001,0,-0.011855145947331613,4.747844385653449e-05,-0.00020206724022920432,0.000640184595489333,-0.002468247439377843
0.1300000000000001,0,-0.010921933531570338,4.812016651543584e-05,-0.00020453926294095032,0.0006417226589013505,-0.002472022711746003
0.1310000000000001,0,-0.014088485954547147,4.8758571844904596e-05,-0.00020701189898124646,0.0006384053294687563,-0.0024726360402961413
0.1320000000000001,0,-0.019814841990238308,4.939153804584084e-05,-0.00020948649439740409,0.0006329662009362449,-0.0024745954161576253
0.1330000000000001,0,-0.013990931704056853,5.003857551213561e-05,-0.00021199351231038352,0.0006470374662947717,-0.0025070179129794306
0.1340000000000001,0,-0.010874968384390837,5.068713139203584e-05,-0.0002144963254221431,0.0006485558799002272,-0.0025028131117595747
0.1350000000000001,0,-0.009870706748421276,5.133736914066182e-05,-0.00021700320244124447,0.000650237748625978,-0.0025068770191013774
0.1360000000000001,0,-0.007788204824075828,5.199250639645291e-05,-0.0002195221777764791,0.0006551372557910898,-0.002518975335234633
0.1370000000000001,0,-0.02012028307710423,5.2627841951240134e-05,-0.0002220138634467262,0.000635335554787227,-0.0024916856702470887
0.1380000000000001,0,-0.013737554891548043,5.3283081800494714e-05,-0.00022455754580351093,0.0006552398492545793,-0.0025436823567847426
0.1390000000000001,0,-0.009505033486240766,5.3940214401549075e-05,-0.00022709437951471314,0.0006571326010543608,-0.0025368337112022113
0.1400000000000001,0,-0.008572855445658889,5.4597787490082935e-05,-0.00022963095533524346,0.0006575730885338603,-0.002536575820530313
0.1410000000000001,0,-0.00666003324087705,5.526009524056508e-05,-0.0002321796446933081,0.0006623077504821429,-0.00254868935806464
0.1420000000000001,0,-0.018913572728374906,5.5902844006689185e-05,-0.00023470167029629089,0.0006427487661241071,-0.0025220256029827876
0.1430000000000001,0,-0.012554115441425262,5.656534436902376e-05,-0.00023727522290625225,0.0006625003623345749,-0.0025735526099613616
0.1440000000000001,0,-0.008289462053879482,5.722975335667489e-05,-0.00023984188081449165,0.0006644089876511316,-0.002566657908239405
0.1450000000000001,0,-0.007284181020447145,5.789462689985029e-05,-0.0002424081173928248,0.0006648735431753956,-0.0025662365783331383
0.1460000000000001,0,-0.005078333642770438,5.8564583033029154e-05,-0.00024498670985254067,0.0006699561331788666,-0.0025785924597158776
0.1470000000000001,0,-0.01771301691257776,5.921407420809902e-05,-0.00024753667575212746,0.0006494911750698685,-0.0025499658995867865
0.1480000000000001,0,-0.011156886948120781,5.988383086121943e-05,-0.0002501393716106269,0.000669756653120405,-0.0026026958584994433
0.1490000000000001,0,-0.006787064728051684,6.0555371924167535e-05,-0.00025273434569151535,0.000671541062948108,-0.002594974080888455
0.1500000000000001,0,-0.005782749418966282,6.122719055959038e-05,-0.0002553282230856033,0.0006718186354228448,-0.0025938773940879464
0.1510000000000001,0,-0.008919279327466167,6.18954573939394e-05,-0.00025792178872858693,0.0006682668343490239,-0.002593565642983631
0.1520000000000001,0,-0.014563101480225438,6.255812166771024e-05,-0.00026051646160228295,0.000662664273770838,-0.0025946728736960206
0.1530000000000001,0,-0.00862596616322564,6.323464633917364e-05,-0.0002631424184073174,0.0006765246714633986,-0.0026259568050344224
0.1540000000000001,0,-0.005363167149320391,6.391247154435858e-05,-0.0002657628848139748,0.0006778252051849398,-0.002620466406657435
0.1550000000000001,0,-0.004208139186496873,6.459169886774031e-05,-0.00026838588684017275,0.0006792273233817284,-0.0026230020261979402
0.1560000000000001,0,-0.007084906245970135,6.526735648484506e-05,-0.0002710075871967846,0.0006756576171047492,-0.0026217003566118575
0.1570000000000001,0,-0.013113092773136215,6.59363617510177e-05,-0.00027362791235700817,0.0006690052661726466,-0.0026203251602235607
0.1580000000000001,0,-0.006925427427255437,6.661970224596642e-05,-0.0002762803862099563,0.0006833404949487172,-0.0026524738529481594
0.1590000000000001,0,-0.003547339881607381,6.730410579191226e-05,-0.0002789260879407279,0.0006844035459458413,-0.0026457017307715937
0.16000000000000011,0,-0.0024320654905074512,6.798959118790675e-05,-0.0002815732976742474,0.0006854853959944871,-0.0026472097335194958
0.16100000000000012,0,-0.005649028790170485,6.867080718927961e-05,-0.00028421785697250383,0.0006812160013728642,-0.0026445592982564142
0.16200000000000012,0,-0.011823818281876619,6.934517132361814e-05,-0.0002868608403886292,0.0006743641343385273,-0.002642983416125354
0.16300000000000012,0,-0.005361658409776093,7.003418337344482e-05,-0.0002895361455199498,0.0006890120498266784,-0.0026753051313205983
0.16400000000000012,0,-0.0018989748758302394,7.072401938516494e-05,-0.0002922034971867145,0.0006898360117201169,-0.0026673516667646987
0.16500000000000012,0,-1.1767138574980684e-05,7.141604899214439e-05,-0.0002948736961834563,0.0006920296069794517,-0.0026701989967418006
0.16600000000000012,0,-0.004941027330413905,7.210035288282208e-05,-0.0002975346491028373,0.0006843038906776864,-0.002660952919381022
0.16700000000000012,0,-0.01073877095782716,7.277951635337153e-05,-0.0003001989986891828,0.0006791634705494593,-0.002664349586345481
0.16800000000000012,0,-0.0037162533894161687,7.347360106304086e-05,-0.00030289466038126313,0.0006940847096693231,-0.002695661692080347
0.16900000000000012,0,-0.00022144334436047242,7.416804151572579e-05,-0.00030558052711050424,0.0006944404526849348,-0.0026858667292411044
0.17000000000000012,0,-0.0034757759118341225,7.48564605273168e-05,-0.0003082573963062057,0.0006884190115910127,-0.002676869195701484
0.17100000000000012,0,-0.009765445395344519,7.55384328003979e-05,-0.0003109346095368724,0.0006819722730810993,-0.0026772132306666593
0.17200000000000013,0,-0.003472352377626331,7.62351127568074e-05,-0.0003136449806639597,0.0006966799564094906,-0.002710371127087347
0.17300000000000013,0,4.341196660617719e-05,7.693286526185219e-05,-0.00031634812964592446,0.0006977525050447914,-0.002703148981964736
0.17400000000000013,0,0.0016459830208250814,7.763224429594829e-05,-0.00031905305716049067,0.0006993790340961031,-0.0027049275145662023
0.17500000000000013,0,-0.22777081868101534,7.796664031958305e-05,-0.00032123648420858086,0.0003343960236347574,-0.002183427048090198
0.17600000000000013,0,-0.24219553744632616,7.843865803347413e-05,-0.0003239802003087846,0.00047201771389108213,-0.0027437161002037496
0.17700000000000013,0,-0.1935461320551659,7.89798582654338e-05,-0.00032680292183943373,0.0005412002319596685,-0.0028227215306491195
0.17800000000000013,0,-0.18361027771964455,7.952249183560378e-05,-0.0003295942393674038,0.0005426335701699835,-0.0027913175279700437
0.17900000000000013,0,-0.1971082249506546,8.008505829391547e-05,-0.000332507488401883,0.0005625664583116933,-0.0029132490344792403
0.18000000000000013,0,-0.19093667558495309,8.071896497646968e-05,-0.00033566195740115614,0.0006339066825542097,-0.003154468999273124
0.18100000000000013,0,-0.18189319782699365,8.141198404590834e-05,-0.00033900221963965784,0.0006930190694386568,-0.003340262238501698
0.18200000000000013,0,-0.17885935128927788,8.215356357475525e-05,-0.0003425111515604134,0.0007415795288469068,-0.0035089319207555654
0.18300000000000013,0,-0.17668409306839383,8.29462185200974e-05,-0.0003462013348597027,0.0007926549453421568,-0.003690183299289308
0.18400000000000014,0,-0.16058363898232997,8.38103184093154e-05,-0.0003500980667768539,0.0008640998892180015,-0.003896731917151213
0.18500000000000014,0,-0.149099199435078,8.472691220666787e-05,-0.0003541481715857194,0.0009165937973524641,-0.004050104808865488
0.18600000000000014,0,-0.13670826756768606,8.570056272829901e-05,-0.0003583655316763763,0.000973650521631143,-0.004217360090656881
0.18700000000000014,0,-0.14190400435883443,8.67002426387167e-05,-0.00036269903095830153,0.000999679910417689,-0.004333499281925239
0.18800000000000014,0,-0.12998740380834728,8.776294263594196e-05,-0.00036722388314755917,0.0010626999972252614,-0.004524852189257637
0.18900000000000014,0,-0.11575003130312078,8.887625156925632e-05,-0.0003718860045461277,0.001113308933314356,-0.004662121398568556
0.19000000000000014,0,-0.10460815703582527,9.003366664223828e-05,-0.00037667276507748144,0.0011574150729819557,-0.004786760531353719
0.19100000000000014,0,-0.11179253188467819,9.120706756382848e-05,-0.0003815464421968606,0.0011734009215902082,-0.00487367711937914
0.19200000000000014,0,-0.09749602538006474,9.244116743000156e-05,-0.0003865950224172604,0.0012340998661730792,-0.005048580220399839
0.19300000000000014,0,-0.08350808368430918,9.371623751893908e-05,-0.0003917468298341292,0.0012750700889375196,-0.005151807416868775
0.19400000000000014,0,-0.07311566510598833,9.502691151004158e-05,-0.00039699522154185363,0.0013106739911024979,-0.005248391707724431
0.19500000000000015,0,-0.05838809517265897,9.638146392562643e-05,-0.00040235537836124584,0.0013545524155848478,-0.005360156819392205
0.19600000000000015,0,-0.04736051212948378,9.776794200279103e-05,-0.0004077966472206425,0.0013864780771645972,-0.005441268859396678
0.19700000000000015,0,-0.037134308753254075,9.918494574997103e-05,-0.00041331692575818224,0.0014170037471800058,-0.005520278537539727
0.19800000000000015,0,-0.039986471133410806,0.00010060880404662324,-0.00041887595905314677,0.0014238582966522055,-0.005559033294964528
0.19900000000000015,0,-0.02463488940001546,0.00010207487039383865,-0.0004245389169091867,0.0014660663472154168,-0.005662957856039956
0.20000000000000015,0,-0.012240524902386696,0.00010356222709227276,-0.00043023924827359007,0.0014873566984341033,-0.00570033136440334
0.20100000000000015,0,-0.004255862531939547,0.00010506617857240742,-0.0004359756655924077,0.00150395148013466,-0.005736417318817633
0.20200000000000015,0,-0.010159901282995598,0.0001065660513622025,-0.0004417218870835335,0.0014998727897950878,-0.0057462214911257825
0.20300000000000015,0,0.0012616010305690484,0.0001080966784830963,-0.0004475442670160904,0.0015306271208937962,-0.005822379932556932
0.20400000000000015,0,0.009756665121171348,0.00010963794018349503,-0.00045337902820343054,0.0015412617003987283,-0.005834761187340127
0.20500000000000015,0,0.010975418870941667,0.00011118075176888014,-0.0004592189138696604,0.0015428115853851117,-0.005839885666229858
0.20600000000000016,0,0.005320989800605913,0.00011271788480425552,-0.0004650619902478928,0.0015371330353753819,-0.005843076378232411
0.20700000000000016,0,0.01349782204037675,0.00011427388150375123,-0.0004709491122364285,0.001555996699495704,-0.005887121988535694
0.20800000000000016,0,0.019163283533548237,0.00011583299369965998,-0.000476831133730745,0.001559112195908749,-0.005882021494316494
0.20900000000000016,0,0.015361076444967647,0.0001173825085111395,-0.00048269522719325433,0.0015495148114795195,-0.0058640934625093346
0.21000000000000016,0,0.01719858209111047,0.00011893712424848503,-0.0004885753904580635,0.0015546157373455293,-0.005880163264809215
0.21100000000000016,0,0.01218881597476984,0.00012047992581356803,-0.0004944337242501783,0.0015428015650830052,-0.005858333792114795
0.21200000000000016,0,0.014484412705275673,0.00012202744548537107,-0.0005003049832550921,0.0015475196718030438,-0.00587125900491372
0.21300000000000016,0,0.017081012167540433,0.0001235743536557203,-0.0005061683595079002,0.001546908170349214,-0.005863376252808147
0.21400000000000016,0,0.018408542494990243,0.00012511927589199488,-0.0005120233613912184,0.0015449222362745954,-0.005855001883318185
0.21500000000000016,0,0.012846081663638653,0.00012665245578302484,-0.0005178587417781116,0.0015331798910299562,-0.0058353803868932495
0.21600000000000016,0,0.020618606972069964,0.00012819999557800346,-0.0005237229135413935,0.0015475397949786171,-0.005864171763281831
0.21700000000000016,0,0.01681415174911116,0.0001297333061663495,-0.0005295519052231763,0.0015333105883460444,-0.005828991681782847
0.21800000000000017,0,0.01965013377100422,0.00013127263842487838,-0.0005353966570921533,0.001539332258528877,-0.005844751868976984
0.21900000000000017,0,0.015297056290890065,0.0001328010565841955,-0.0005412204412838323,0.0015284181593171122,-0.005823784191679002
0.22000000000000017,0,0.021809854839651255,0.00013434167418808772,-0.0005470695360783045,0.0015406176038922244,-0.00584909479447223
0.22100000000000017,0,0.02182429069931202,0.00013587610187840808,-0.0005528993853901583,0.0015344276903203635,-0.005829849311853757
0.22200000000000017,0,0.02358572864111186,0.00013741282150655937,-0.0005587350724290627,0.0015367196281512925,-0.0058356870389044335
0.22300000000000017,0,0.018671427102231908,0.00013893948908903677,-0.0005645550051909003,0.0015266675824774018,-0.00581993276183761
0.22400000000000017,0,0.025642799203256184,0.00014047975608126871,-0.0005704037658948663,0.0015402669922319413,-0.005848760703965994
0.22500000000000017,0,0.025840257112119014,0.00014201374004692177,-0.0005762322710826377,0.0015339839656530567,-0.005828505187771321
0.22600000000000017,0,0.027201665777647044,0.00014354910192824853,-0.0005820646714358454,0.0015353618813267623,-0.00583240035320772
0.22700000000000017,0,0.02213756895945629,0.00014507416339287502,-0.0005878809302686796,0.0015250614646264893,-0.005816258832834248
0.22800000000000017,0,0.028938608115349984,0.00014661216815150353,-0.0005937241912637791,0.001538004758628507,-0.0058432609950995066
0.22900000000000018,0,0.028612987973116732,0.0001481425940570116,-0.0005995442723772992,0.0015304259055080665,-0.005820081113520111
0.23000000000000018,0,0.02306699110071464,0.00014966341582244353,-0.0006053525035147652,0.0015208217654319326,-0.005808231137465988
0.23100000000000018,0,0.029752028660305463,0.00015119729073557808,-0.0006111885305013037,0.0015338749131345493,-0.005836026986538495
0.23200000000000018,0,0.03358028112269018,0.00015273017267459463,-0.000617010731269349,0.0015328819390165527,-0.005822200768045255
0.23300000000000018,0,0.030166445271348374,0.00015425357806196183,-0.0006228138746985788,0.0015234053873671946,-0.005803143429229836
0.23400000000000018,0,0.025281729789414564,0.00015576994681872533,-0.0006286122465545762,0.0015163687567635047,-0.005798371855997384
0.23500000000000018,0,0.03196870908870175,0.00015729763399776638,-0.0006344319501260939,0.0015276871790410472,-0.005819703571517676
0.23600000000000018,0,0.03125617829622529,0.00015881632897059853,-0.0006402245678080507,0.0015186949728321526,-0.005792617681956813
0.23700000000000018,0,0.032034263102145966,0.00016033480834570137,-0.0006460171869267751,0.0015184793751028402,-0.0057926191187244016
0.23800000000000018,0,0.027457164538035483,0.00016184291680801594,-0.0006517915352318415,0.001508108462314569,-0.005774348305066378
0.23900000000000018,0,0.03305607085419249,0.000163360564395986,-0.0006575845153950757,0.0015176475879700709,-0.005792980163234229
0.24000000000000019,0,0.0318975670840802,0.00016486919821734073,-0.0006633518857989111,0.0015086338213547213,-0.005767370403835371
0.2410000000000002,0,0.0328420722071614,0.00016637781518378364,-0.0006691193323421272,0.0015086169664429137,-0.005767446543216087
0.2420000000000002,0,0.028462791606133964,0.00016787598144075844,-0.0006748674397144213,0.0014981662569747993,-0.005748107372294188
0.2430000000000002,0,0.035256453607849236,0.00016938540605329275,-0.0006806361745445649,0.0015094246125343035,-0.005768734830143528
0.2440000000000002,0,0.03191409840197079,0.00017088150179366617,-0.0006863711663781103,0.0014960957403734206,-0.005734991833545385
0.2450000000000002,0,0.033671248754369776,0.00017238055986327507,-0.0006921142623102352,0.0014990580696089024,-0.005743095932124985
0.2460000000000002,0,0.029742119838608305,0.00017386916305354354,-0.0006978363205817694,0.0014886031902684683,-0.005722058271534188
0.2470000000000002,0,0.0317400228583371,0.0001753613046328859,-0.0007035676860731087,0.0014921415793423714,-0.005731365491339264
0.2480000000000002,0,0.03460168472520464,0.0001768537779466161,-0.0007092933769016434,0.001492473313730188,-0.005725690828534721
0.2490000000000002,0,0.030441427908104224,0.00017833581865581187,-0.0007149989109879503,0.001482040709195777,-0.005705534086306919
0.25000000000000017,0,0.03617543569503057,0.0001798286566360259,-0.0007207271034313779,0.0014928379802140194,-0.0057281924434276045
0.25100000000000017,0,0.03584943684916109,0.0001813148608297016,-0.000726435353446871,0.0014862041936757,-0.005708250015493111
0.25200000000000017,0,0.03730445574682939,0.00018280220386640938,-0.0007321459899548996,0.001487343036707785,-0.005710636508028601
0.25300000000000017,0,0.03382718657894146,0.0001842811251831842,-0.0007378414266600399,0.0014789213167748126,-0.005695436705140263
0.25400000000000017,0,0.04046142619761173,0.0001857712342945255,-0.0007435577026123837,0.0014901091113413145,-0.0057162759523437775
0.25500000000000017,0,0.0371976499601252,0.00018724874017988396,-0.0007492425355122946,0.0014775058853584515,-0.005684832899910874
0.25600000000000017,0,0.03910550696875337,0.00018872952602272684,-0.0007549360031543876,0.0014807858428428854,-0.005693467642092992
0.2570000000000002,0,0.038197840677011596,0.00019020486118950312,-0.0007606159541305654,0.0014753351667762726,-0.005679950976177875
0.2580000000000002,0,0.03748546776136563,0.00019167710796234806,-0.0007662904014621848,0.001472246772844945,-0.005674447331619338
0.2590000000000002,0,0.040439081459699766,0.0001931516987878694,-0.0007719661974780524,0.0014745908255213262,-0.0056757960158676036
0.2600000000000002,0,0.03929431825651264,0.00019462000528486166,-0.0007776262140133818,0.001468306496992276,-0.005660016535329417
0.2610000000000002,0,0.04340777846064259,0.00019609361820372497,-0.0007832943514688291,0.0014736129188633047,-0.005668137455447321
0.2620000000000002,0,0.03953402074058676,0.00019755527462213162,-0.0007889355664207619,0.0014616564184066554,-0.005641214951932795
0.2630000000000002,0,0.04181352586079856,0.00019902033533352668,-0.0007945844494387572,0.0014650607113950588,-0.0056488830179953365
0.2640000000000002,0,0.041093471524308534,0.00020047901403085522,-0.0008002156074193361,0.0014586786973285338,-0.005631157980578896
0.2650000000000002,0,0.03906316116649888,0.000201931502323832,-0.000805834452237865,0.0014524882929767844,-0.005618844818528813
0.2660000000000002,0,0.04163447409061227,0.00020338571329856522,-0.000811453623843277,0.0014542109747332245,-0.005619171605412065
0.2670000000000002,0,0.04286315368468263,0.00020483565521875474,-0.0008170557976099817,0.001449941920189516,-0.005602173766704644
0.2680000000000002,0,0.040983776832946184,0.0002062780936484381,-0.0008226402152050407,0.0014424384296833636,-0.0055844175950590024
0.2690000000000002,0,0.038165424992972596,0.00020771338679464145,-0.0008282115494832492,0.0014352931462033455,-0.0055713342782085255
0.2700000000000002,0,0.04078207473070328,0.0002091503196043538,-0.0008337826483686488,0.0014369328097123442,-0.005571098885399656
0.2710000000000002,0,0.04184516580796349,0.00021058210058656833,-0.0008393339870671453,0.0014317809822145342,-0.005551338698496456
0.2720000000000002,0,0.0350095255902243,0.00021199819432681682,-0.0008448550686523882,0.0014160937402484886,-0.005521081585242878
0.2730000000000002,0,0.0388804775335263,0.00021342140353954723,-0.0008503915595570946,0.0014232092127304085,-0.005536490904706421
0.2740000000000002,0,0.04091609328230228,0.0002148403693256317,-0.0008559080593589137,0.0014189657860844802,-0.005516499801819078
0.2750000000000002,0,0.04011822823756206,0.00021625356136112478,-0.0008614091394139146,0.0014131920354930794,-0.005501080055000918
0.2760000000000002,0,0.03675472687726944,0.00021765905933578616,-0.0008668969258708012,0.0014054979746613752,-0.005487786456886577
0.2770000000000002,0,0.04024146996119815,0.00021906909220651804,-0.0008723919047778585,0.0014100328707318814,-0.005494978907057287
0.2780000000000002,0,0.04197767709488187,0.00022047533090334642,-0.0008778695836248947,0.001406238696828382,-0.005477678847036244
0.2790000000000002,0,0.03631665245290239,0.00022186828491217435,-0.0008833215349142457,0.0013929540088279257,-0.005451951289350962
0.2800000000000002,0,0.04054205672256561,0.0002232690597719393,-0.0008887901199936465,0.0014007748597649544,-0.005468585079400844
0.2810000000000002,0,0.04297195424917488,0.00022466687407771293,-0.0008942419397338385,0.0013978143057736224,-0.005451819740192026
0.2820000000000002,0,0.042289567501500924,0.00022605964842776837,-0.0008996805465295594,0.0013927743500554476,-0.0054386067957208455
0.2830000000000002,0,0.04044483091697182,0.00022744763238299184,-0.0009051110372704527,0.0013879839552234706,-0.005430490740893296
0.2840000000000002,0,0.04380215152201705,0.00022883937874067304,-0.0009105462583695852,0.0013917463576811984,-0.005435221099132524
0.2850000000000002,0,0.04560494731919551,0.00023022806281355212,-0.000915966579223051,0.0013886840728790793,-0.0054203208534657705
0.2860000000000002,0,0.04088328588569268,0.0002316052032204029,-0.0009213641595099617,0.0013771404068507753,-0.0053975802869107295
0.2870000000000002,0,0.04494506603844628,0.00023298941817035806,-0.0009267761459850807,0.0013842149499551594,-0.0054119864751190185
0.2880000000000002,0,0.04726075222951942,0.0002343707724504947,-0.0009321720924536323,0.001381354280136646,-0.005395946468551589
0.2890000000000002,0,0.04722731801335023,0.00023574825112171937,-0.0009375567360874149,0.0013774786712246706,-0.0053846436337825435
0.2900000000000002,0,0.04511514658311877,0.0002371199620725138,-0.0009429305609228121,0.001371710950794422,-0.005373824835397281
0.2910000000000002,0,0.2966872947311383,0.0002388929711109786,-0.0009488847873306966,0.001773009038464799,-0.005954226407884483
0.2920000000000002,0,0.27020276480484307,0.00024045281325946026,-0.0009541514312134173,0.0015598421484816635,-0.00526664388272066
0.2930000000000002,0,0.23143831424950112,0.00024199921044937723,-0.0009595139571441038,0.0015463971899169716,-0.005362525930686555
0.2940000000000002,0,0.2411637678927807,0.0002435760755836254,-0.0009649593687534841,0.001576865134248162,-0.005445411609380233
0.2950000000000002,0,0.2600058134658818,0.0002451425754605289,-0.0009703036017228538,0.0015664998769035065,-0.0053442329693697155
0.2960000000000002,0,0.2617251105743448,0.0002466658299741173,-0.000975486869817908,0.0015232545135883922,-0.005183268095054262
0.2970000000000002,0,0.2643780831856375,0.0002481598977279313,-0.0009805577695670364,0.001494067753814003,-0.005070899749128315
0.2980000000000002,0,0.2749329609295166,0.00024963330074869507,-0.0009855192486661808,0.0014734030207637795,-0.004961479099144413
0.2990000000000002,0,0.28011473996365366,0.00025106955230223637,-0.0009903296807995284,0.001436251553541294,-0.004810432133347609
0.3000000000000002,0,0.2570833813024591,0.00025242601377928136,-0.0009949330001520111,0.0013564614770449914,-0.0046033193524827685
0.3010000000000002,0,0.2747797843419817,0.00025378482942395623,-0.0009994858844101888,0.001358815644674871,-0.004552884258177646
0.3020000000000002,0,0.27415004953531663,0.0002550834555402956,-0.0010038230219681812,0.001298626116339385,-0.004337137557992431
0.3030000000000002,0,0.24128405606250847,0.00025628628961559387,-0.0010079288359182198,0.0012028340752982553,-0.00410581395003857
0.3040000000000002,0,0.24383565308514177,0.0002574691023430533,-0.0010119554429739784,0.0011828127274594044,-0.004026607055758599
0.3050000000000002,0,0.26606323322967484,0.00025863286326238124,-0.00101583528391622,0.0011637609193279694,-0.0038798409422416587
0.3060000000000002,0,0.23458196303096412,0.00025968208051601303,-0.001019408846729407,0.0010492172536317882,-0.0035735628131868848
0.3070000000000002,0,0.2309437339681787,0.00026070086687213543,-0.0010228864943456993,0.0010187863561223983,-0.003477647616292401
0.3080000000000002,0,0.2222748087348816,0.0002616551349850303,-0.001026159992389486,0.0009542681128948461,-0.003273498043786585
0.3090000000000002,0,0.13046851592737618,0.0002624165418564846,-0.0010290540508871584,0.0007614068714543358,-0.002894058497672448
0.3100000000000002,0,0.14986014441042894,0.00026322188367868335,-0.0010320426362684899,0.0008053418221987368,-0.0029885853813315082
0.3110000000000002,0,0.20743058092338373,0.00026404747595439466,-0.0010349003245073627,0.0008255922757113105,-0.0028576882388727833
0.3120000000000002,0,0.18195501319130047,0.0002647512947645184,-0.0010374017013153956,0.0007038188101237178,-0.002501376808032932
0.3130000000000002,0,0.17069184430800577,0.0002654233678370473,-0.001039828351132513,0.0006720730725289403,-0.002426649817117467
0.3140000000000002,0,0.15557661537318623,0.00026603700451745835,-0.0010420951079536855,0.0006136366804110316,-0.002266756821172472
0.3150000000000002,0,0.16581580408641927,0.0002666342982954789,-0.001044265974429156,0.0005972937780205408,-0.00217086647547049
0.3160000000000002,0,0.16532417467141602,0.0002671816353872733,-0.0010462552532527457,0.0005473370917944125,-0.0019892788235896346
0.3170000000000002,0,0.14802097151427251,0.0002676642769897794,-0.0010480689551661865,0.0004826416025060956,-0.0018137019134408135
0.3180000000000002,0,0.14655452908373123,0.0002681200158036166,-0.0010497895096134786,0.0004557388138372114,-0.0017205544472920914
0.31900000000000023,0,0.14785554573578608,0.0002685415474909314,-0.0010513797632007017,0.00042153168731479595,-0.0015902535872231501
0.32000000000000023,0,0.17563906886471448,0.00026897329295891796,-0.0010529084951428067,0.00043174546798655823,-0.0015287319421050053
0.32100000000000023,0,0.15699669312251185,0.00026932586098973773,-0.0010542126161775733,0.0003525680308197679,-0.0013041210347665595
0.32200000000000023,0,0.1313271370290891,0.0002696239263703243,-0.001055408537591063,0.00029806538058655416,-0.0011959214134896201
0.32300000000000023,0,0.1649159951037511,0.0002699631980519508,-0.0010566362733607764,0.0003392716816264939,-0.001227735769713514
0.32400000000000023,0,0.1640990049046397,0.0002702475510239593,-0.001057664487036406,0.00028435297200852735,-0.0010282136756296304
0.32500000000000023,0,0.1597774094378384,0.0002705038162309246,-0.0010586050908141555,0.0002562652069652946,-0.0009406037777494238
0.32600000000000023,0,0.14681075157401544,0.0002707191385170014,-0.0010594415821347236,0.00021532228607681067,-0.0008364913205681501
0.32700000000000023,0,0.15425464484002338,0.00027093128943282317,-0.0010602398911169438,0.0002121509158217543,-0.0007983089822202229
0.32800000000000024,0,0.15652794977798376,0.0002711174333853523,-0.001060934167234745,0.00018614395252915163,-0.0006942761178012347
0.32900000000000024,0,0.157392035332988,0.00027128216166948045,-0.0010615464650482514,0.00016472828412813405,-0.0006122978135063729
0.33000000000000024,0,0.15025277830518702,0.0002714153609132838,-0.0010620681911311905,0.00013319924380334781,-0.0005217260829390707
0.33100000000000024,0,0.1512762539617899,0.0002715361420941266,-0.0010625404904821478,0.00012078118084282372,-0.00047229935095727607
0.33200000000000024,0,0.1514864601031694,0.00027163641648212723,-0.0010629363111062634,0.00010027438800060432,-0.00039582062411557505
0.33300000000000024,0,0.14996339150495447,0.00027171579998754025,-0.0010632604407109262,7.938350541302451e-05,-0.00032412960466283655
0.33400000000000024,0,0.14536100919121508,0.0002717715267090742,-0.0010635136893765518,5.572672153396872e-05,-0.00025324866562560604
0.33500000000000024,0,0.14524128338916056,0.0002718123726128664,-0.0010637122600829986,4.084590379219589e-05,-0.00019857070644680938
0.33600000000000024,0,0.14345779377459245,0.0002718327556769769,-0.0010638414442791394,2.0383064110477897e-05,-0.00012918419614073307
0.33700000000000024,0,0.13933257359229917,0.00027183115047233933,-0.001063903981237752,-1.6052046375599448e-06,-6.253695861266513e-05
0.33800000000000024,0,0.138730435616252,0.00027181440484559406,-0.0010639124084405557,-1.6745626745277506e-05,-8.427202803640288e-06
0.33900000000000025,0,0.1395780545343328,0.00027178146453076256,-0.0010638575343580097,-3.294031483149461e-05,5.487408254590924e-05
0.34000000000000025,0,0.131613547609029,0.0002717179689677022,-0.0010637179693090836,-6.349556306038456e-05,0.0001395650489261803
0.34100000000000025,0,0.13107516854357804,0.0002716421675073739,-0.0010635343246300436,-7.58014603282676e-05,0.00018364467903992342
0.34200000000000025,0,0.12981550320473018,0.0002715460608483706,-0.0010632795339024861,-9.610665900329192e-05,0.0002547907275575294
0.34300000000000025,0,0.12964350822773368,0.0002714318052348881,-0.0010629575889980983,-0.00011425561348253491,0.0003219449043877654
0.34400000000000025,0,0.12207704660047448,0.00027128742159395695,-0.00106255078507441,-0.00014438364093113379,0.0004068039236883574
0.34500000000000025,0,0.12066110181091702,0.0002711281546838166,-0.001062093218140084,-0.0001592669101403753,0.00045756693432602233
0.34600000000000025,0,0.11871600035846055,0.00027094758485343245,-0.0010615629649272497,-0.00018056983038411975,0.0005302532128342689
0.34700000000000025,0,0.10331859288123499,0.0002707249524958289,-0.0010609316585234018,-0.00022263235760353528,0.0006313064038478925
0.34800000000000025,0,0.11518309207828994,0.00027051433598822126,-0.0010603008586101289,-0.00021061650760765974,0.0006307999132729343
0.34900000000000025,0,0.11177349668295211,0.00027027181480621375,-0.0010595632029952264,-0.00024252118200750617,0.0007376556149024313
0.35000000000000026,0,0.10712896274512534,0.00027000920187205334,-0.001058766803004722,-0.0002626129341604089,0.0007963999905044334
0.35100000000000026,0,0.09341712160363541,0.0002697116653906488,-0.0010578893825269212,-0.0002975364814045622,0.0008774204778008374
0.35200000000000026,0,0.10608666753567336,0.00026942816547181816,-0.001057016758050833,-0.0002834999188306266,0.0008726244760880967
0.35300000000000026,0,0.10282466082780412,0.0002691149514707995,-0.0010560445871284241,-0.00031321400101866955,0.0009721709224089475
0.35400000000000026,0,0.09853621607877067,0.0002687848175230778,-0.0010550238708673947,-0.000330133947721667,0.0010207162610294512
0.35500000000000026,0,0.09634472173425146,0.000268441899471709,-0.0010539622688893705,-0.0003429180513688304,0.0010616019780241865
0.35600000000000026,0,0.09585367669002975,0.00026808791214023983,-0.0010528599365670025,-0.00035398733146916076,0.0011023323223679788
0.35700000000000026,0,0.09433661527427878,0.0002677206749277002,-0.0010517124728457393,-0.0003672372125396281,0.0011474637212631651
0.35800000000000026,0,0.09243625513601106,0.0002673408094031115,-0.0010505235193958545,-0.0003798655245886907,0.0011889534498848563
0.35900000000000026,0,0.09287225782616637,0.00026695370344352327,-0.0010493045450493098,-0.00038710595958823917,0.0012189743465447316
0.36000000000000026,0,0.09129183241536831,0.00026655553066675877,-0.0010480486507249013,-0.0003981727767644991,0.0012558943244085023
0.36100000000000027,0,0.08921671519581553,0.0002661472711790476,-0.0010467612145123796,-0.00040825948771118503,0.0012874362125216057
0.36200000000000027,0,0.08839967421811595,0.00026573230491255703,-0.0010454501685472014,-0.0004149662664905537,0.001311045965178212
0.36300000000000027,0,0.08776014005099275,0.00026531089530684845,-0.0010441158259078228,-0.00042140960570857854,0.001334342639378646
0.36400000000000027,0,0.08624023058486846,0.00026488181754437244,-0.001042756811777795,-0.00042907776247601585,0.001359014130027699
0.36500000000000027,0,0.08511685661091606,0.00026444617402338267,-0.0010413757463689328,-0.00043564352098976987,0.0013810654088623059
0.36600000000000027,0,0.08578510481516421,0.0002640074373926883,-0.0010399789962560386,-0.0004387366306943881,0.0013967501128941875
0.36700000000000027,0,0.0840658873638302,0.00026356120262513736,-0.0010385588735037483,-0.00044623476755091497,0.001420122752290344
0.36800000000000027,0,0.08192176293516257,0.00026310835002894313,-0.0010371201429215555,-0.0004528525961942356,0.0014387305821927064
0.36900000000000027,0,0.08175635764030864,0.00026265284051541274,-0.001035670293654319,-0.0004555095135303877,0.001449849267236552
0.3700000000000003,0,0.08084619023285133,0.0002621925651186188,-0.0010342042003917333,-0.00046027539679394406,0.0014660932625856857
0.3710000000000003,0,0.07899831762539533,0.0002617265925921006,-0.001032721785331277,-0.00046597252651819606,0.0014824150604564063
0.3720000000000003,0,0.07695766403815829,0.00026125425464555344,-0.0010312212408336385,-0.000472337946547162,0.0015005444976383658
0.3730000000000003,0,0.07841060251952708,0.00026078168201971547,-0.0010297126219009204,-0.00047257262583797355,0.0015086189327181195
0.3740000000000003,0,0.07671375178770257,0.0002603018904829706,-0.001028181456085095,-0.00047979153674484673,0.0015311658158254082
0.3750000000000003,0,0.0742761926757664,0.00025981606104413265,-0.0010266347649106223,-0.00048582943883797216,0.0015466911744727464
0.3760000000000003,0,0.07366268175423368,0.0002593267596592834,-0.0010250754274229118,-0.000489301384849262,0.0015593374877104563
0.3770000000000003,0,0.07515374288900184,0.0002588367410160391,-0.0010235060331969354,-0.0004900186432443008,0.0015693942259763921
0.3780000000000003,0,0.07223715966601502,0.00025833821901318524,-0.00102191368427679,-0.000498522002853846,0.0015923489201455105
0.3790000000000003,0,0.06934878857037052,0.0002578341565547919,-0.0010203092093958132,-0.0005040624583933502,0.0016044748809766578
0.3800000000000003,0,0.07119171288526516,0.0002573323547443581,-0.0010187043728426789,-0.000501801810433777,0.0016048365531343752
0.3810000000000003,0,0.06936041672023785,0.00025682418281300183,-0.0010170805082952048,-0.0005081719313562803,0.0016238645474740514
0.3820000000000003,0,0.06680811403829129,0.0002563114871527301,-0.0010154470324497092,-0.0005126956602717224,0.0016334758454956185
0.3830000000000003,0,0.06670088281355974,0.0002557978651954376,-0.0010138084045628,-0.0005136219572925258,0.0016386278869091192
0.3840000000000003,0,0.06828782207095374,0.0002552849831627268,-0.0010121646770310919,-0.0005128820327107968,0.0016437275317082289
0.3850000000000003,0,0.06546716389068663,0.0002547654204000089,-0.0010105043107716538,-0.0005195627627178684,0.0016603662594380422
0.3860000000000003,0,0.06275178873329962,0.00025424225289983574,-0.0010088382810375062,-0.0005231675001731773,0.0016660297341476466
0.3870000000000003,0,0.06522896082198204,0.0002537239057651204,-0.0010071790040547012,-0.0005183471347153658,0.0016592769828049567
0.3880000000000003,0,0.0635145771224393,0.00025320059804508115,-0.0010055054353764815,-0.0005233077200392233,0.0016735686782197445
0.3890000000000003,0,0.0610154607427123,0.000252674493778585,-0.0010038284039601015,-0.000526104266496141,0.0016770314163799729
0.3900000000000003,0,0.05888528579289187,0.0002521453997357784,-0.0010021458339986885,-0.0005290940428066175,0.0016825699614129476
0.3910000000000003,0,0.06453883214107597,0.00025162630087814805,-0.0010004776780039172,-0.0005190988576303469,0.0016681559947713791
0.3920000000000003,0,0.061859355008327455,0.00025109962406920437,-0.0009987890361684308,-0.0005266768089436753,0.0016886418354863583
0.3930000000000003,0,0.05900060514097566,0.0002505719313264083,-0.0009971048263459708,-0.0005276927427960731,0.0016842098224600314
0.3940000000000003,0,0.05696995827627804,0.00025004291350309594,-0.000995420885003268,-0.0005290178233123598,0.0016839413427027251
0.3950000000000003,0,0.06124770576948607,0.00024952237365432337,-0.0009937507136857685,-0.0005205398487725661,0.001670171317499523
0.3960000000000003,0,0.05797021483114523,0.00024899433006079277,-0.0009920624797166654,-0.0005280435935306059,0.0016882339691031128
0.3970000000000003,0,0.05466402317285707,0.0002484642125548894,-0.0009903763564794578,-0.0005301175059033874,0.0016861232372076401
0.3980000000000003,0,0.05544388338812861,0.000247937822352079,-0.0009886990364459329,-0.0005263902028103721,0.0016773200335249133
0.3990000000000003,0,0.05794081508634075,0.0002474151530889871,-0.000987024314131775,-0.0005226692630919193,0.0016747223141578248
0.4000000000000003,0,0.05520635972783128,0.00024688719874893343,-0.0009853377714492456,-0.0005279543400536551,0.0016865426825294315
0.4010000000000003,0,0.052256536195975756,0.000246356851352623,-0.0009836508656514904,-0.0005303473963104454,0.0016869057977552532
0.4020000000000003,0,0.05880193755147467,0.00024583968407632144,-0.0009819869459935739,-0.0005171672763015431,0.0016639196579164989
0.4030000000000003,0,0.05544925255395872,0.00024531394816267743,-0.0009803013164547954,-0.0005257359136440144,0.0016856295387784968
0.4040000000000003,0,0.0518368684613118,0.0002447871624151284,-0.0009786227208896864,-0.0005267857475490449,0.0016785955651089143
0.4050000000000003,0,0.05351256608950039,0.00024426646447771604,-0.0009769584583624942,-0.000520697937412347,0.0016642625271922219
0.4060000000000003,0,0.05776866406100839,0.0002437530521805691,-0.0009753036797454942,-0.0005134122971469442,0.001654778616999998
0.4070000000000003,0,0.05357279689833827,0.00024323288540110868,-0.0009736369829777379,-0.0005201667794604153,0.001666696767756333
0.4080000000000003,0,0.05035563536027515,0.00024271335368798694,-0.0009719821536920702,-0.000519531713121733,0.0016548292856677187
0.4090000000000003,0,0.05767998593986173,0.00024221037020387802,-0.0009703600246510954,-0.0005029834841089199,0.0016221290409747973
0.4100000000000003,0,0.054807777628955445,0.0002417008619332341,-0.0009687220890458504,-0.0005095082706439344,0.001637935605244942
0.4110000000000003,0,0.05145645128829923,0.0002411922001310853,-0.0009670973471767213,-0.0005086618021487839,0.001624741869129154
0.4120000000000003,0,0.05354733924169064,0.00024069170914686402,-0.0009654932402369121,-0.0005004909842212823,0.001604106939809215
0.4130000000000003,0,0.05771892251004995,0.00024019935230207631,-0.0009639021609315402,-0.0004923568447877088,0.0015910793053718454
0.4140000000000003,0,0.05347479873903027,0.00023970122525607057,-0.0009623030803782813,-0.0004981270460057492,0.0015990805532589648
0.4150000000000003,0,0.05010528574411022,0.00023920424041207233,-0.0009607183945694955,-0.00049698484399824,0.0015846858087857412
0.4160000000000003,0,0.05733169559583501,0.00023872418800306873,-0.0009591682837573464,-0.00048005240900359175,0.0015501108121490723
0.4170000000000003,0,0.05426131350470237,0.00023823757612105755,-0.0009576030512452787,-0.00048661188201118617,0.001565232512067789
0.4180000000000003,0,0.05061764423232723,0.00023775154846093546,-0.0009560511922634972,-0.00048602766012208545,0.0015518589817814553
0.4190000000000003,0,0.0482168368945195,0.0002372661679915343,-0.0009545084188923633,-0.0004853804694011487,0.0015427733711339446
0.4200000000000003,0,0.057452816326665934,0.00023679922744642042,-0.0009529985767652441,-0.0004669405451138977,0.001509842127119139
0.4210000000000003,0,0.05324317084608304,0.00023632188006787253,-0.0009514635346058378,-0.0004773473785478857,0.0015350421594062741
0.4220000000000003,0,0.04885932068407339,0.00023584425004353812,-0.0009499413657123107,-0.00047763002433440856,0.0015221688935270969
0.4230000000000003,0,0.05132775904516518,0.0002353751675832499,-0.0009484399803780211,-0.00046908246028822985,0.001501385334289648
0.4240000000000003,0,0.056236770724745144,0.00023491417195448455,-0.0009469489040649485,-0.0004609956287653376,0.0014910763130725636
0.4250000000000003,0,0.050856323888384625,0.00023444435872381513,-0.000945442771901949,-0.00046981323066942206,0.0015061321629994797
0.4260000000000003,0,0.0468433478781326,0.0002339748424300801,-0.0009439503373204017,-0.0004695162937350442,0.0014924345815473623
0.4270000000000003,0,0.05607757676500813,0.00023352520487073515,-0.000942496236649692,-0.00044963755934494007,0.0014541006707096326
0.4280000000000003,0,0.05216221453830705,0.00023306572336285298,-0.0009410180272110645,-0.0004594815078821674,0.0014782094386275348
0.4290000000000003,0,0.04791124771887295,0.0002326063471747139,-0.0009395537218254371,-0.0004593761881390877,0.0014643053856274423
0.4300000000000003,0,0.050694741184801106,0.00023215650454986425,-0.0009381127901719197,-0.0004498426248496375,0.0014409316535173673
0.4310000000000003,0,0.05554575105060083,0.0002317149952760405,-0.0009366833719106824,-0.0004415092738237463,0.0014294182612373339
0.43200000000000033,0,0.050451400774267297,0.00023126571418761817,-0.000935241819569147,-0.0004492810884223358,0.0014415523415353855
0.43300000000000033,0,0.04664642602663438,0.00023081736515880025,-0.0009338156528112896,-0.0004483490288179255,0.001426166757857424
0.43400000000000033,0,0.05594886009623484,0.00023038930575091686,-0.0009324291859857563,-0.0004280594078833876,0.0013864668255332297
0.43500000000000033,0,0.05227251571547614,0.0002299521219111559,-0.000931020504031427,-0.00043718383976095593,0.0014086819543293215
0.43600000000000033,0,0.048116573174775246,0.00022951536164990253,-0.0009296266576438845,-0.00043676026125337333,0.00139384638754255
0.43700000000000033,0,0.045616905329763424,0.00022907945500703631,-0.0009282432186111896,-0.0004359066428662162,0.0013834390326948392
0.43800000000000033,0,0.05714867171618043,0.0002286657324533377,-0.0009268984837625106,-0.00041372255369862,0.001344734848678997
0.43900000000000033,0,0.05228195904304417,0.00022823914123518968,-0.0009255220339891827,-0.00042659121814801857,0.0013764497733279382
0.44000000000000034,0,0.04736822100399196,0.00022781242453553081,-0.0009241611721042072,-0.0004267166996588614,0.001360861884975445
0.44100000000000034,0,0.05085095948564983,0.00022739649117860938,-0.0009228259229764801,-0.00041593335692142954,0.0013352491277271146
0.44200000000000034,0,0.05663782336859585,0.00022698956714625474,-0.000921501455222168,-0.00040692403235464275,0.001324467754312093
0.44300000000000034,0,0.05062972959685624,0.00022657264934909774,-0.000920160080454016,-0.00041691779715700376,0.001341374768152031
0.44400000000000034,0,0.046347027553784725,0.0002261564798091062,-0.0009188352780221894,-0.000416169539991547,0.001324802431826636
0.44500000000000034,0,0.05772036962895816,0.00022576402351813293,-0.0009175555104808616,-0.00039245629097325917,0.0012797675413277762
0.44600000000000034,0,0.05326432125000552,0.0002253596232036617,-0.0009162460645861943,-0.0004044003144712332,0.001309445894667337
0.44700000000000034,0,0.04852404246401437,0.00022495545464328102,-0.0009149530046065978,-0.0004041685603806784,0.0012930599795964604
0.44800000000000034,0,0.04590351780208074,0.00022455221150443263,-0.0009136711972039988,-0.0004032431388483859,0.0012818074025989926
0.44900000000000034,0,0.059655769103533374,0.00022417464175053422,-0.0009124331371484616,-0.0003775697538984117,0.0012380600555372346
0.45000000000000034,0,0.05394850614519714,0.00022378131907733063,-0.0009111558864413747,-0.0003933226732035942,0.001277250707086867
0.45100000000000035,0,0.04840212395779242,0.00022338772846757833,-0.0009098961378255615,-0.0003935906097523017,0.0012597486158132023
0.45200000000000035,0,0.059163422012058264,0.00022301836396191693,-0.0009086856479609249,-0.0003693645056613952,0.0012104898646365632
0.45300000000000035,0,0.05486363006974715,0.0002226377626142819,-0.0009074476417832728,-0.00038060134763503767,0.0012380061776521168
0.45400000000000035,0,0.05012899480154753,0.00022225726790726515,-0.0009062256475384936,-0.0003804947070167454,0.0012219942447792061
0.45500000000000035,0,0.04743618158799773,0.0002218776819367641,-0.0009050152146716722,-0.0003795859705010482,0.0012104328668214584
0.45600000000000035,0,0.060945260507097754,0.0002215234468264846,-0.0009038483213956632,-0.0003542351102794883,0.0011668932760089705
0.45700000000000035,0,0.05545511057194913,0.00022115388466341794,-0.0009026431352617861,-0.0003695621630666766,0.0012051861338770826
0.45800000000000035,0,0.04997827202629723,0.00022078384020020726,-0.0009014545134175428,-0.0003700444632106722,0.001188621844243256
0.45900000000000035,0,0.054268430202745854,0.00022042597402276794,-0.0009002940101934717,-0.0003578661774393272,0.0011605032240711872
0.46000000000000035,0,0.0605722750676978,0.00022007693568709731,-0.0008991420145731038,-0.00034903833567062246,0.0011519956203678502
0.46100000000000035,0,0.0538042167093411,0.000219715947155159,-0.0008979688812481187,-0.0003609885319383029,0.001173133324985096
0.46200000000000035,0,0.04902663157065318,0.00021935494321065037,-0.0008968115369484226,-0.00036100394450863855,0.0011573442996960694
0.46300000000000036,0,0.061985283618466336,0.00021901974742062857,-0.0008957015090110262,-0.00033519579002179835,0.00111002793739645
0.46400000000000036,0,0.056771748111140496,0.00021866946314593456,-0.0008945531610955315,-0.00035028427469401663,0.0011483479154946689
0.46500000000000036,0,0.05129411461836486,0.00021831812513363575,-0.0008934193551571013,-0.0003513380122988118,0.0011338059384302006
0.46600000000000036,0,0.04826248704054659,0.0002179666168905247,-0.0008922944705708727,-0.00035150824311103277,0.001124884586228619
0.46700000000000036,0,0.06365383342557929,0.0002176426197672176,-0.0008912144524489191,-0.0003239971233071168,0.0010800181219535734
0.46800000000000036,0,0.05709280243367809,0.00021729936529037887,-0.0008900856010759432,-0.00034325447683872376,0.001128851372975896
0.46900000000000036,0,0.05078163226028687,0.00021695446267212947,-0.0008889721389191311,-0.0003449026182493985,0.0011134621568121292
0.47000000000000036,0,0.05571956532618444,0.0002166224869601192,-0.0008878873447592757,-0.00033197571201027233,0.0010847941598554362
0.47100000000000036,0,0.06271546564020403,0.00021629920882122985,-0.0008868081995478446,-0.0003232781388893516,0.0010791452114310629
0.47200000000000036,0,0.05502665038983079,0.00021596152435592332,-0.0008857022761526358,-0.0003376844653065294,0.0011059233952087633
0.47300000000000036,0,0.049791623118576545,0.00021562329788452344,-0.0008846119593153703,-0.0003382264713998838,0.0010903168372655486
0.47400000000000037,0,0.06475039910865538,0.00021531384528528382,-0.0008835728265709358,-0.00030945259923962124,0.0010391327444344645
0.47500000000000037,0,0.05874157981994621,0.00021498621139776203,-0.0008824869262984606,-0.0003276338875217899,0.001085900272475228
0.47600000000000037,0,0.05265263330091208,0.00021465700633885163,-0.0008814159802833284,-0.0003292050589103932,0.0010709460151321583
0.47700000000000037,0,0.05764349420533199,0.0002143410046664061,-0.0008803746205070246,-0.0003160016724455361,0.0010413597763038202
0.47800000000000037,0,0.06427829208054531,0.00021403334458458176,-0.0008793389821415424,-0.00030766008182433243,0.0010356383654822532
0.47900000000000037,0,0.05694339629599371,0.00021371222495416564,-0.0008782788755964429,-0.0003211196304161274,0.0010601065450994507
0.48000000000000037,0,0.051865625913116165,0.00021339058276096108,-0.0008772339665969476,-0.00032164219320455134,0.0010449089994953161
0.48100000000000037,0,0.06630635390859108,0.00021309672763388708,-0.0008762385467050743,-0.00029385512707400126,0.0009954198918732783
0.4820000000000004,0,0.06059641644131275,0.00021278536158661466,-0.000875197843316162,-0.0003113660472724264,0.0010407033889123316
0.4830000000000004,0,0.054605856889561766,0.0002124720549157527,-0.000874170455021119,-0.0003133066708619584,0.0010273882950429447
0.4840000000000004,0,0.05130485100481147,0.00021215782448066452,-0.0008731503669764813,-0.00031423043508817684,0.0010200880446377836
0.4850000000000004,0,0.06812304194666374,0.0002118727706713608,-0.000872176350827151,-0.00028505380930373466,0.0009740161493302941
0.4860000000000004,0,0.060891913080048043,0.00021156562123134765,-0.0008711456178559972,-0.0003071494400131347,0.0010307329711537784
0.4870000000000004,0,0.05393907894836436,0.00021125566653247042,-0.0008701285013173753,-0.00030995469887723157,0.0010171165386219268
0.4880000000000004,0,0.05946585625286416,0.00021095914928357783,-0.0008691400011558069,-0.0002965172488925876,0.0009885001615683557
0.4890000000000004,0,0.06658523380233239,0.00021067015061138641,-0.0008681525274787544,-0.00028899867219141966,0.0009874736770524792
0.4900000000000004,0,0.058257847534811114,0.00021036478775654882,-0.000867133519285687,-0.0003053628548375985,0.001019008193067425
0.4910000000000004,0,0.052629585167486226,0.00021005778642224667,-0.0008661276537888442,-0.000307001334302144,0.001005865496842809
0.4920000000000004,0,0.0688273131746554,0.0002097807543485893,-0.00086517309321822,-0.00027703207365736685,0.0009545605706241583
0.4930000000000004,0,0.0622755776125557,0.00020948278533967107,-0.000864163703000294,-0.00029796900891823175,0.0010093902179260632
0.4940000000000004,0,0.05564978110160962,0.00020918195061373596,-0.0008631665828256746,-0.0003008347259351085,0.0009971201746193648
0.4950000000000004,0,0.06119845673413937,0.00020889458087632124,-0.0008621981643968343,-0.0002873697374147224,0.0009684184288403586
0.4960000000000004,0,0.06792908464814157,0.0002086142705395015,-0.0008612305388762413,-0.00028031033681973636,0.0009676255205929435
0.4970000000000004,0,0.06006892505548983,0.00020831868331616543,-0.0008602337758037672,-0.00029558722333607483,0.000996763072474093
0.4980000000000004,0,0.054661215404420704,0.00020802147449648287,-0.0008592494856131377,-0.0002972088196825614,0.0009842901906295448
0.4990000000000004,0,0.07018175156416828,0.00020775297309600713,-0.0008583143396967208,-0.0002685014004757361,0.0009351459164168383
0.5000000000000003,0,0.06401925818398663,0.00020746450464560826,-0.0008573266071171725,-0.0002884684503988682,0.000987732579548384
0.5010000000000003,0,0.05756154280879788,0.00020717288987845731,-0.0008563495603528979,-0.0002916147671509512,0.0009770467642745148
0.5020000000000003,0,0.05400025832663957,0.00020687934536135075,-0.0008553771684632199,-0.00029354451710656717,0.0009723918896780608
0.5030000000000003,0,0.07193524888371527,0.0002066159878182551,-0.0008544506906658675,-0.000263357543095656,0.0009264777973524074
0.5040000000000003,0,0.06420589269414922,0.00020632809152277575,-0.0008534603940853364,-0.00028789629547934276,0.000990296580531051
0.5050000000000003,0,0.056764676973506345,0.0002060362929192684,-0.0008524815514420204,-0.0002917986035073537,0.0009788426433160208
0.5060000000000003,0,0.06284680732819292,0.000205758339012205,-0.0008515309554742445,-0.00027795390706338973,0.0009505959677758849
0.5070000000000003,0,0.06997277300127214,0.000205486675410867,-0.0008505769465459399,-0.00027166360133800836,0.0009540089283046607
0.5080000000000003,0,0.06120111083493707,0.0002051972139462141,-0.0008495878285272085,-0.0002894614646528908,0.0009891180187313574
0.5090000000000003,0,0.05530460006335297,0.00020490524061749378,-0.000848609709615326,-0.0002919733287203301,0.000978118911882514
0.5100000000000003,0,0.07246749705271416,0.00020464412912394857,-0.0008476828315502267,-0.00026111149354520716,0.0009268780650993061
0.5110000000000003,0,0.06552501512059994,0.00020435999427432502,-0.0008466949352105849,-0.0002841348496235459,0.0009878963396417603
0.5120000000000003,0,0.05848349315472484,0.0002040719862688691,-0.0008457171981702181,-0.0002880080054559254,0.0009777370403667683
0.5130000000000003,0,0.05476246872244106,0.00020378161962511691,-0.0008447431527939571,-0.0002903666437521822,0.0009740453762610655
0.5140000000000003,0,0.074463435889143,0.00020352384376151107,-0.0008438175903104083,-0.0002577758636058459,0.0009255624835488151
0.5150000000000003,0,0.06598682806286055,0.0002032387608788197,-0.0008428207232110916,-0.0002850828826913665,0.0009968670993166801
0.5160000000000003,0,0.05798954715449689,0.00020294934407730973,-0.0008418357751064224,-0.0002894168015099693,0.000984948104669199
0.5170000000000003,0,0.07367258250558073,0.0002026906300517551,-0.0008409068787778561,-0.00025871402555463475,0.0009288963285662482
0.5180000000000003,0,0.06711804922934284,0.00020241035627647128,-0.0008399210209925835,-0.0002802737752838195,0.0009858577852726131
0.5190000000000003,0,0.060257860196283264,0.00020212592871275226,-0.0008389436716330774,-0.0002844275637190212,0.0009773493595061555
0.5200000000000004,0,0.056511665487773755,0.00020183899750889192,-0.0008379696128152423,-0.000286931203860336,0.0009740588178350912
0.5210000000000004,0,0.07534306490988335,0.0002015832827557549,-0.0008370421323053017,-0.0002557147531370241,0.0009274805099406067
0.5220000000000004,0,0.06739036797833636,0.00020130158868597985,-0.0008360464044964591,-0.00028169406977504845,0.0009957278088425442
0.5230000000000004,0,0.059684475955753324,0.00020101540571098678,-0.00083506100893988,-0.00028618297499307093,0.0009853955565791413
0.5240000000000004,0,0.06627812971821007,0.00020074360965855454,-0.0008341041107228736,-0.000271796052432236,0.0009568982170063975
0.5250000000000004,0,0.07327616401584391,0.0002004769959693247,-0.000833140253979812,-0.0002666136892298459,0.0009638567430615697
0.5260000000000004,0,0.06417744938561964,0.0002001916386650468,-0.0008321390586068166,-0.0002853573042778954,0.0010011953729953827
0.5270000000000004,0,0.05802411054755574,0.0001999029690962863,-0.0008311469114541749,-0.00028866956876049754,0.0009921471526417496
0.5280000000000004,0,0.07573148740147623,0.00019964548396034722,-0.0008302053138143257,-0.0002574851359390788,0.0009415976398491387
0.5290000000000004,0,0.0684058850016242,0.0001993632433605479,-0.0008291977527534411,-0.0002822405997993289,0.001007561060884627
0.5300000000000004,0,0.060926814502301696,0.00019907603840531207,-0.000828197968310522,-0.0002872049552358265,0.000999784442919159
0.5310000000000004,0,0.05688001630227063,0.0001987854877571933,-0.0008271994672189858,-0.000290550648118776,0.0009985010915362046
0.5320000000000004,0,0.07707654714436912,0.00019852770199804085,-0.0008262483681210873,-0.0002577857591524405,0.0009510990978984103
0.5330000000000004,0,0.06820520117127532,0.00019824081407518958,-0.0008252208106390219,-0.00028688792285126957,0.0010275574820654094
0.5340000000000004,0,0.059793414345745866,0.0001979485011307946,-0.0008242026892440462,-0.00029231294439496986,0.0010181213949757599
0.5350000000000004,0,0.06694653077372653,0.00019767130356305654,-0.0008232137532196108,-0.000277197567738073,0.0009889360244354217
0.5360000000000004,0,0.0742276538841985,0.00019739877405106578,-0.000822214948822903,-0.00027252951199075955,0.0009988043967077646
0.5370000000000004,0,0.06443745139568452,0.0001971058621904447,-0.0008211752537698617,-0.0002929118606210721,0.00103969505304126
0.5380000000000004,0,0.05798780711975937,0.00019680933538682705,-0.0008201445651939589,-0.0002965268036176543,0.001030688575902848
0.5390000000000004,0,0.0771899418058829,0.00019654622950651958,-0.0008191673146752028,-0.00026310588030747234,0.0009772505187561177
0.5400000000000004,0,0.06925055413499953,0.00019625610647138703,-0.0008181179656803635,-0.0002901230351325503,0.0010493489948392495
0.5410000000000004,0,0.061318337182081795,0.00019596073608264431,-0.0008170769961561098,-0.00029537038874271693,0.0010409695242537438
0.5420000000000004,0,0.06824725811263288,0.00019568022148351086,-0.0008160650841296577,-0.0002805145991334511,0.0010119120264520621
0.5430000000000004,0,0.0749703486385579,0.00019540398549855128,-0.0008150438983011189,-0.00027623598495958254,0.0010211858285387844
0.5440000000000004,0,0.06578504403681273,0.00019510886999066815,-0.0008139852172852167,-0.00029511550788313473,0.0010586810159022696
0.5450000000000004,0,0.05960512045118077,0.0001948101937838088,-0.0008129347928522528,-0.00029867620685933576,0.0010504244329638708
0.5460000000000004,0,0.07765242736390515,0.00019454294916405922,-0.0008119346367182152,-0.00026724461974958935,0.0010001561340375808
0.5470000000000004,0,0.07025228415828866,0.00019425026502000725,-0.0008108662878658471,-0.0002926841440519738,0.001068348852368119
0.5480000000000004,0,0.06262161349142292,0.00019395211931799535,-0.0008098044544388515,-0.00029814570201190053,0.0010618334269956115
0.5490000000000004,0,0.05843818350123475,0.0001936501419347287,-0.0008087426276848054,-0.00030197738326665576,0.0010618267540460921
0.5500000000000004,0,0.07881181212524052,0.00019338084167367698,-0.0008077272649862507,-0.0002693002610517064,0.001015362698554719
0.5510000000000004,0,0.0697878406273103,0.00019308157001288062,-0.0008066328038669966,-0.0002992716607963617,0.001094461119254095
0.5520000000000004,0,0.06115403796169183,0.00019277614114160307,-0.0008055458933896344,-0.0003054288712775531,0.001086910477362201
0.5530000000000004,0,0.06846995255339833,0.00019248571229380697,-0.000804487173102447,-0.00029042884779609994,0.0010587202871873867
0.5540000000000004,0,0.07529901682297752,0.00019219851709799155,-0.000803414925825056,-0.00028719519581542254,0.00107224727739102
0.5550000000000004,0,0.06543479398862223,0.00019189054719818003,-0.0008023006152007581,-0.0003079698998115156,0.0011143106242978524
0.5560000000000004,0,0.058928194550260826,0.00019157827256582373,-0.0008011929729166223,-0.0003122746323563051,0.0011076422841357902
0.5570000000000004,0,0.07815871789161088,0.00019129885745652967,-0.0008001365953221294,-0.00027941510929405415,0.0010563775944929295
0.5580000000000004,0,0.07018103141015608,0.000190991719736894,-0.0007990056519530423,-0.0003071377196356721,0.0011309433690870688
0.5590000000000004,0,0.06215220600188087,0.00019067862107787712,-0.0007978807990786695,-0.0003130986590168779,0.0011248528743728215
0.5600000000000004,0,0.057910171955807055,0.00019036146488855875,-0.0007967553088910452,-0.0003171561893183729,0.0011254901876242562
0.5610000000000004,0,0.07953630177117482,0.00019007869355011832,-0.0007956780627246321,-0.00028277133844043434,0.0010772461664131441
0.5620000000000004,0,0.07002800866732395,0.00018976414172507483,-0.0007945167630958637,-0.00031455182504348876,0.0011612996287683683
0.5630000000000004,0,0.061070408846609026,0.00018944331373939313,-0.0007933637309194291,-0.0003208279856816961,0.0011530321764346334
0.5640000000000004,0,0.07829147984359042,0.00018915484494048002,-0.000792267387045189,-0.0002884687989131087,0.0010963438742400819
0.5650000000000004,0,0.07087565501132864,0.00018884084355296518,-0.0007911025538795742,-0.00031400138751484265,0.0011648331656148462
0.5660000000000004,0,0.06319953988927896,0.00018852077997598104,-0.000789942166298169,-0.0003200635769841419,0.001160387581405171
0.5670000000000004,0,0.059027278473248124,0.00018819668460726732,-0.0007887809927675328,-0.00032409536871371857,0.0011611735306362152
0.5680000000000004,0,0.07938158680082447,0.0001879050645036131,-0.0007876655939945795,-0.0002916201036542174,0.0011153987729532354
0.5690000000000004,0,0.07062429132318887,0.00018758379152684267,-0.0007864713011102746,-0.0003212729767704324,0.0011942928843049596
0.5700000000000004,0,0.06215506078069383,0.00018725634526627237,-0.0007852838961013007,-0.0003274462605702981,0.0011874050089738823
0.5710000000000004,0,0.06966639241814548,0.00018694405813867015,-0.0007841245576826236,-0.00031228712760221836,0.0011593384186771218
0.5720000000000004,0,0.07606386921040387,0.0001866340767712194,-0.0007829498099792464,-0.0003099813674507497,0.0011747477033771311
0.5730000000000004,0,0.06637863333780647,0.00018630375105460026,-0.0007817339352444081,-0.000330325716619141,0.0012158747348383226
0.5740000000000004,0,0.05994143716989131,0.00018596885898725652,-0.0007805235005377197,-0.0003348920673437413,0.0012104347066884758
0.5750000000000004,0,0.07882006357676485,0.00018566596532778893,-0.0007793624038158808,-0.0003028936594675919,0.0011610967218388286
0.5760000000000004,0,0.070897592282959,0.00018533539513314218,-0.000778126698457579,-0.0003305701946467528,0.0012357053583018614
0.5770000000000004,0,0.06283094562216662,0.0001849984126282471,-0.0007768955347349059,-0.00033698250489507366,0.0012311637226730893
0.5780000000000004,0,0.05846778935387126,0.00018465690612371434,-0.0007756624284123545,-0.00034150650453276246,0.0012331063225513557
0.5790000000000004,0,0.079602446891955,0.0001843487282301651,-0.0007744754118962145,-0.0003081778935492272,0.0011870165161400595
0.5800000000000004,0,0.07018996612268452,0.00018400886255980935,-0.0007732043141690847,-0.00033986567035576326,0.0012710977271297285
0.5810000000000004,0,0.061241278340116556,0.0001836622261673229,-0.0007719395957438743,-0.0003466363924864511,0.0012647184252104421
0.5820000000000004,0,0.07797062297183072,0.0001833467374802693,-0.0007707288295987595,-0.00031548868705360525,0.0012107661451147677
0.5830000000000004,0,0.07067813296125314,0.00018300582228239937,-0.0007694494884906133,-0.00034091519786992185,0.0012793411081462583
0.5840000000000004,0,0.06306437972838136,0.00018265838160603089,-0.0007681726198538824,-0.0003474406763684856,0.0012768686367308282
0.5850000000000004,0,0.058865944670015935,0.0001823064614349439,-0.0007668933693434592,-0.0003519201710869746,0.0012792505104232497
0.5860000000000004,0,0.07866722094659945,0.00018198577488537008,-0.0007656572590063227,-0.0003206865495738347,0.0012361103371365083
0.5870000000000004,0,0.07013349000870056,0.00018163577875976195,-0.0007643426764502873,-0.0003499961256081259,0.0013145825560354017
0.5880000000000004,0,0.06179820197037955,0.0001812792370696997,-0.0007630330797350707,-0.00035654169006223927,0.001309596715216529
0.5890000000000004,0,0.06924161613095253,0.00018093736241071214,-0.0007617499336488749,-0.00034187465898757375,0.0012831460861958011
0.5900000000000004,0,0.07503354865783018,0.00018059656774751945,-0.0007604489853778837,-0.00034079466319268475,0.0013009482709912213
0.5910000000000004,0,0.06568922009255118,0.0001802360572419251,-0.0007591079571383527,-0.00036051050559434404,0.0013410282395310202
0.5920000000000004,0,0.059472340522481015,0.00017987073556431077,-0.0007577706215033903,-0.0003653216776143423,0.0013373356349624405
0.5930000000000004,0,0.07772668107941982,0.000179535999045804,-0.0007564796017588899,-0.00033473651850677395,0.001291019744500358
0.5940000000000004,0,0.07011464641858939,0.00017917426928544113,-0.0007551153305277093,-0.00036172976036286195,0.0013642712311806452
0.5950000000000004,0,0.062277479543891345,0.00017880596502002844,-0.0007537541233475226,-0.0003683042654126906,0.0013612071801867055
0.5960000000000004,0,0.05799916085809914,0.0001784329653466431,-0.0007523899865863901,-0.00037299967338533355,0.0013641367611324845
0.5970000000000004,0,0.07837406156369808,0.00017809186894223998,-0.0007510693600139263,-0.00034109640440312594,0.0013206265724638021
0.5980000000000004,0,0.06935896513079054,0.00017772005690888304,-0.0007496667615934182,-0.0003718120333569383,0.0014025984205080907
0.5990000000000004,0,0.0606970705803791,0.00017734139099674612,-0.0007482691485215864,-0.00037866591213691725,0.001397613071831786
0.6000000000000004,0,0.07669452780251129,0.00017699234139125202,-0.0007469224126893003,-0.0003490496054941029,0.0013467358322861046
0.6010000000000004,0,0.06976365640993198,0.00017661879835745553,-0.0007455091940100048,-0.00037354303379649604,0.0014132186792955052
0.6020000000000004,0,0.06243825092300287,0.00017623868940018202,-0.0007440972042359421,-0.00038010895727350795,0.0014119897740627217
0.6030000000000004,0,0.058358309484315696,0.00017585401528126565,-0.0007426820382643783,-0.00038467411891637045,0.0014151659715638028
0.6040000000000004,0,0.07727500942401,0.00017549899640839737,-0.0007413073142090383,-0.0003550188728682806,0.00137472405533994
0.6050000000000004,0,0.06918241272085318,0.00017511584872463272,-0.0007398568376370463,-0.00038314768376464465,0.0014504765719920015
0.6060000000000004,0,0.06117849539026554,0.0001747261350415462,-0.0007384100207898861,-0.00038971368308653165,0.001446816847160224
0.6070000000000004,0,0.06840875639316779,0.00017435046764452023,-0.0007369880757768125,-0.00037566739702595887,0.0014219450130735847
0.6080000000000004,0,0.07353286160604022,0.0001739748844481414,-0.0007355469998813462,-0.00037558319637882604,0.0014410758954662645
0.6090000000000004,0,0.06472043139797845,0.0001735807269390849,-0.0007340680886172268,-0.000394157509056494,0.0014789112641194627
0.6100000000000004,0,0.05884069572776329,0.00017318172141674056,-0.0007325914612890827,-0.0003990055223443488,0.0014766273281441138
0.6110000000000004,0,0.07610795172499801,0.00017281139303636518,-0.0007311575981216454,-0.00037032838037538013,0.0014338631674372772
0.6120000000000004,0,0.0689499572430643,0.0001724153666674189,-0.0007296535761052918,-0.00039602636894627984,0.0015040220163536292
0.6130000000000004,0,0.06147670409075451,0.00017201276712890194,-0.0007281512509327799,-0.0004025995385169637,0.001502325172511869
0.6140000000000004,0,0.0573398165016224,0.00017160538917239022,-0.0007266451243541278,-0.0004073779565117212,0.001506126578652042
0.6150000000000004,0,0.0765486290963916,0.00017122788282296776,-0.0007251791435764111,-0.0003775063494224605,0.0014659807777167187
0.6160000000000004,0,0.06807515971023564,0.0001708211842896592,-0.0007236348088241345,-0.0004066985333085575,0.0015443347522765957
0.6170000000000004,0,0.05983006989463874,0.00017040761978540122,-0.0007220938491791035,-0.00041356450425797885,0.0015409596450310448
0.6180000000000004,0,0.06727225136359322,0.00017000839849594406,-0.0007205780475493133,-0.0003992212894571572,0.0015158016297902189
0.6190000000000004,0,0.07224472817899463,0.00016960872381675409,-0.0007190416264146448,-0.0003996746791899784,0.001536421134668486
0.6200000000000004,0,0.06331756476464362,0.00016919035154157566,-0.0007174672800554573,-0.0004183722751784254,0.0015743463591874878
0.6210000000000004,0,0.05750938792723154,0.00016876727687545833,-0.0007158954494024362,-0.00042307466611732976,0.0015718306530211005
0.6220000000000004,0,0.07520342909750749,0.00016837350835600894,-0.0007143671229391829,-0.0003937685194493944,0.0015283264632533385
0.6230000000000004,0,0.06791251161227357,0.0001679535976289176,-0.0007127674304669513,-0.0004199107270913267,0.0015996924722315974
0.6240000000000004,0,0.06040489614322653,0.00016752727637732844,-0.0007111701173984966,-0.00042632125158917214,0.0015973130684546156
0.6250000000000004,0,0.056356876740529804,0.0001670963985868285,-0.0007095694597811354,-0.000430877790499949,0.0016006576173612126
0.6260000000000004,0,0.07582922561312411,0.00016669581262644957,-0.0007080095099833603,-0.000400585960378915,0.001559949797775087
0.6270000000000004,0,0.06723375864556069,0.00016626574505964706,-0.0007063705363478547,-0.00043006756680251607,0.0016389736355056474
0.6280000000000004,0,0.058941757818243345,0.00016582892461138894,-0.0007047354859388686,-0.0004368204482581132,0.001635050408986061
0.6290000000000004,0,0.07411572962344165,0.0001654200541960764,-0.0007031480204529653,-0.000408870415312553,0.001587465485903346
0.6300000000000004,0,0.06744888413158834,0.0001649875916214052,-0.0007014963493104138,-0.0004324625746711928,0.0016516711425514476
0.6310000000000004,0,0.060417342628970305,0.00016454861273470869,-0.0006998449265200483,-0.00043897888669651203,0.0016514227903655174
0.6320000000000005,0,0.056512934149748395,0.00016410505510935103,-0.0006981895438839076,-0.0004435576253576548,0.0016553826361406917
0.6330000000000005,0,0.07429217338276833,0.00016368911331566302,-0.0006965710614315574,-0.00041594179368801437,0.0016184824523502025
0.6340000000000005,0,0.06660247092547034,0.00016324630790367828,-0.0006948799441800205,-0.00044280541198473897,0.001691117251536884
0.6350000000000005,0,0.05897267484293156,0.00016279692528250737,-0.0006931909872214162,-0.00044938262117090737,0.0016889569586043878
0.6360000000000005,0,0.0659391732264899,0.00016236079651264621,-0.0006915248177385688,-0.0004361287698611551,0.0016661694828473466
0.6370000000000005,0,0.07003487629383748,0.0001619231596915071,-0.0006898372288537156,-0.00043763682113911193,0.0016875888848532066
0.6380000000000005,0,0.06182395755224179,0.00016146837027301291,-0.0006881147773939501,-0.0004547894184941893,0.0017224514597655215
0.6390000000000005,0,0.056405869345423354,0.00016100872029862186,-0.0006863927846016133,-0.0004596499743910582,0.001721992792336831
0.6400000000000005,0,0.07243834130204757,0.0001605752871461156,-0.0006847087980771862,-0.0004334331525062546,0.001683986524427081
0.6410000000000005,0,0.0657076340658066,0.00016011753009675378,-0.0006829580751271587,-0.00045775704936182413,0.001750722950027441
0.6420000000000005,0,0.0586654423837899,0.00015965323068756464,-0.0006812074894520568,-0.0004642994091891338,0.0017505856751019646
0.6430000000000005,0,0.054760958067429866,0.0001591840966234921,-0.00067945194298302,-0.0004691340640725452,0.0017555464690367827
0.6440000000000005,0,0.07240533985844644,0.0001587420540140453,-0.0006777317877239124,-0.0004420426094468074,0.0017201552591076304
0.6450000000000005,0,0.0645413032707764,0.0001582726807909802,-0.0006759378413531843,-0.0004693732230650954,0.0017939463707280275
0.6460000000000005,0,0.056849681049537026,0.00015779650095271635,-0.0006741453697396916,-0.000476179838263842,0.0017924716134927509
0.6470000000000005,0,0.07044497125743115,0.0001573450858049725,-0.000672394313941757,-0.0004514151477438453,0.0017510557979345549
0.6480000000000005,0,0.06443562937431552,0.000156872031871973,-0.0006705838155501297,-0.0004730539329994988,0.0018104983916273232
0.6490000000000005,0,0.05800186754222619,0.0001563925554337731,-0.0006687716670947708,-0.0004794764381999071,0.001812148455358916
0.6500000000000005,0,0.054377530670282226,0.0001559084660562555,-0.0006669543408138334,-0.0004840893775175982,0.0018173262809373673
0.6510000000000005,0,0.07038847140322857,0.00015544894567023424,-0.0006651689413873978,-0.00045952038602126524,0.001785399426435636
0.6520000000000005,0,0.06353337072562343,0.00015496501129890638,-0.0006633168645667863,-0.0004839343713278568,0.0018520768206114991
0.6530000000000005,0,0.05661537689611762,0.00015447473450238514,-0.0006614651587754912,-0.0004902767965212407,0.0018517057912950706
0.6540000000000005,0,0.06302290096373797,0.00015399637970491732,-0.0006596332477758743,-0.00047835479746781776,0.0018319109996168788
0.6550000000000005,0,0.06626802937846138,0.0001535156161075018,-0.0006577795668113925,-0.00048076359741551847,0.0018536809644818623
0.6560000000000005,0,0.05902770323311435,0.0001530197463889307,-0.0006558949991134247,-0.000495869718571102,0.0018845676979678018
0.6570000000000005,0,0.0542434025183135,0.0001525192712549866,-0.0006540094620099799,-0.0005004751339441097,0.0018855371034448088
0.6580000000000005,0,0.06850983244549574,0.00015204187839634733,-0.0006521566253827409,-0.0004773928586392583,0.0018528366272389449
0.6590000000000005,0,0.06261595533483066,0.00015154282722975183,-0.0006502438021782671,-0.0004990511665955066,0.0019128232044738442
0.6600000000000005,0,0.05631845786955286,0.00015103767861320374,-0.0006483299876069758,-0.0005051486165480869,0.001913814571291258
0.6610000000000005,0,0.05277269300840898,0.00015052795914281413,-0.0006464108164344159,-0.0005097194703896149,0.0019191711725599246
0.6620000000000005,0,0.06840626111434034,0.00015004209924672802,-0.0006445222580240176,-0.0004858598960861052,0.0018885584103982365
0.6630000000000005,0,0.06150923672141423,0.00014953195048277024,-0.000642567582059313,-0.0005101487639577837,0.00195467596470465
0.6640000000000005,0,0.054633613275263504,0.00014901544840546985,-0.0006406130285061854,-0.0005165020773003823,0.0019545535531275728
0.6650000000000005,0,0.06645669048512687,0.00014852041963969804,-0.0006386940286952033,-0.000495028765771816,0.0019189998109821107
0.6660000000000005,0,0.06124845048488886,0.0001480064053919875,-0.000636722421714159,-0.0005140142477105304,0.001971606981044337
0.6670000000000005,0,0.055548536876873056,0.000147486441200794,-0.0006347481792423969,-0.0005199641911935067,0.001974242471762034
0.6680000000000005,0,0.05227281248132959,0.00014696211651997696,-0.0006327683591429068,-0.0005243246808170462,0.001979820099490097
0.6690000000000005,0,0.0662220740860276,0.00014645904315145757,-0.0006308155548102927,-0.0005030733685193814,0.001952804332614128
0.6700000000000005,0,0.06029601931388073,0.00014593455008625038,-0.000628803708690744,-0.0005244930652071906,0.0020118461195486707
0.6710000000000005,0,0.05417883907609611,0.0001454041346623286,-0.000626790813152794,-0.0005304154239217944,0.0020128955379500237
0.6720000000000005,0,0.05082838755575858,0.00014486916402347267,-0.0006247718604385304,-0.000534970638855917,0.0020189527142636067
0.6730000000000005,0,0.06602102073802751,0.00014435707056335308,-0.0006227814239729576,-0.0005120934601195919,0.0019904364655727765
0.6740000000000005,0,0.05931041727942743,0.00014382116937250978,-0.0006207259213546212,-0.0005359011908432981,0.0020555026183364297
0.6750000000000005,0,0.05263100662841935,0.0001432789303865104,-0.0006186698354258084,-0.0005422389859993887,0.002056085928812848
0.6760000000000005,0,0.06407920570053599,0.00014275736253181897,-0.0006166476342198821,-0.0005215678546914278,0.0020222012059262304
0.6770000000000005,0,0.058929819446686627,0.00014221714894665615,-0.0006145738141875843,-0.0005402135851628124,0.002073820032297822
0.6780000000000005,0,0.05337016398914818,0.00014167112024463834,-0.0006124972952466816,-0.0005460287020178178,0.002076518940902672
0.6790000000000005,0,0.050236688192483725,0.00014112089779031787,-0.0006104152482043943,-0.000550222454320467,0.0020820470422873135
0.6800000000000005,0,0.0636956152732644,0.0001405911328324352,-0.0006083589960126373,-0.0005297649578826628,0.0020562521917570154
0.6810000000000005,0,0.05797921457206545,0.0001400407293310499,-0.0006062457793994469,-0.0005504035013853125,0.0021132166131903685
0.6820000000000005,0,0.05211779950266726,0.000139484720569188,-0.0006041317091820757,-0.0005560087618618952,0.0021140702173711974
0.6830000000000005,0,0.05777395500937588,0.000138939051786015,-0.0006020341639580819,-0.0005456687831730087,0.0020975452239938323
0.6840000000000005,0,0.0596498528310867,0.00013838967575942841,-0.0005999148512174109,-0.0005493760265865748,0.0021193127406710045
0.6850000000000005,0,0.05376798043879705,0.00013782841436633578,-0.0005977715221275793,-0.0005612613930926333,0.002143329089831581
0.6860000000000005,0,0.049932591538065396,0.00013726316653815806,-0.0005956259576048494,-0.0005652478281777172,0.002145564522729941
0.6870000000000005,0,0.06163508404595719,0.00013671658595682215,-0.0005935058847098078,-0.0005465805813359144,0.002120072895041552
0.6880000000000005,0,0.056795474286772674,0.00013615210019663507,-0.0005913357643525383,-0.0005644857601870828,0.0021701203572695215
0.6890000000000005,0,0.05151232064947864,0.00013558226198919678,-0.0005891636124212389,-0.0005698382074382873,0.002172151931299402
